1744.209961 660.800232 1961.861450 869.200134 2 196
900.832397 648.262207 1103.554810 851.668579 2 196
1102.541992 784.150391 1342.081421 1037.960693 2 196
1804.704224 1433.774536 2126.389893 1990.103882 2 196
1551.309814 355.462402 1674.205933 471.760925 2 196
1249.010864 346.184662 1363.386719 481.945465 2 196
867.111816 282.748932 983.547668 401.773895 2 196
105.278427 1339.077271 655.341125 1883.648438 2 196
1219.733398 118.493034 1295.407227 189.742569 2 196
1091.264526 41.831470 1152.372314 89.829475 2 196
638.186340 1581.449585 1054.453125 2133.588867 2 196
637.916504 1576.125977 1024.269775 2147.343750 7 196
97.669426 1174.682129 678.568787 1883.925171 7 196
3613.126709 228.437790 3840.000000 344.651154 25 196
