1011.157349 886.191406 1259.262207 1107.288330 2 55
858.271423 284.252686 984.138977 405.393890 2 55
1217.483521 440.337280 1379.163574 597.200256 2 55
1470.331421 230.172943 1570.278198 334.029907 2 55
1253.536133 257.369476 1359.834473 368.985077 2 55
1585.473267 373.292053 1721.545654 533.163269 2 55
1088.092773 130.642319 1166.097046 211.407608 2 55
1231.589355 118.756081 1297.491821 167.908386 2 55
1048.701538 278.156525 1179.918945 413.705841 2 55
1340.172974 63.777977 1413.402100 125.699265 2 55
537.054260 1509.454590 984.419128 2021.238403 2 55
1196.201660 2.927341 1251.417358 49.374901 2 55
1092.753296 81.933395 1157.533203 129.995834 2 55
1228.168579 61.003014 1279.436035 105.854584 2 55
1067.817139 811.361572 1271.953857 962.992126 2 55
1042.399658 255.186646 1175.635742 429.565308 5 55
491.735657 1493.600586 1010.160461 2078.759521 7 55
1244.015503 145.011063 3698.559814 2142.839111 13 55
1556.642212 94.408600 3809.320068 2160.000000 63 55
1604.751587 329.161804 3779.995117 2160.000000 66 55
