758.685486 1235.862915 1126.664795 1675.375122 2 2
1218.753418 292.480530 1328.975098 402.434662 2 2
862.281067 283.017975 985.093994 402.808319 2 2
1244.013306 179.259781 1322.739258 254.831757 2 2
1430.318481 162.673859 1514.553345 246.077026 2 2
1229.546753 430.291412 1361.010254 572.329773 2 2
1346.015381 84.310623 1421.654419 150.320770 2 2
1098.211548 49.364658 1154.046997 101.325638 2 2
1214.420166 83.002388 1284.008911 142.290573 2 2
1082.139038 129.122879 1170.723877 211.933472 2 2
1278.013062 0.000000 1322.895386 24.073904 2 2
1198.667725 16.786308 1245.763184 60.346409 2 2
1743.127808 1450.645874 2057.441650 2052.380859 5 2
1733.664062 1421.837891 2073.968750 2059.980469 67 2
