1743.953247 1184.672119 2076.014404 1675.090454 2 135
1728.461426 651.265503 1913.245483 858.316772 2 135
527.282288 1648.364502 1054.468140 2159.498047 2 135
1531.751831 313.394714 1653.906494 417.825958 2 135
1074.828003 262.450439 1177.385132 361.057526 2 135
1278.940063 429.319489 1380.425537 543.009399 2 135
1023.748779 460.387878 1155.305054 584.531128 2 135
1190.507202 15.256347 1244.869141 60.604244 2 135
859.308777 281.886169 984.928528 405.949951 2 135
1251.600342 296.264282 1360.289917 376.450745 2 135
1390.289062 124.165642 1470.269531 196.230911 2 135
1222.266968 133.190689 1302.588867 205.124802 2 135
372.156799 1014.468933 814.563171 1551.609131 5 135
368.093933 980.733643 814.363953 1576.758911 7 135
3612.592773 227.328522 3840.000000 342.296326 25 135
