1744.270996 889.964966 2007.696899 1226.160034 2 116
1059.327393 898.142578 1321.989258 1246.191772 2 116
1682.479492 532.803101 1849.041382 713.724365 2 116
1060.734375 344.648315 1174.470093 451.487579 2 116
1215.449951 90.414902 1286.291992 160.071243 2 116
1183.021851 2.836590 1233.344971 33.827763 2 116
1477.743408 237.010101 1571.335938 323.388733 2 116
862.594727 283.113312 985.279602 399.732025 2 116
1272.621704 301.604340 1361.489624 406.655365 2 116
1250.992065 205.858948 1335.977905 289.135529 2 116
1079.652832 201.302704 1168.207275 285.293884 2 116
1357.187256 75.151741 1423.901123 138.844986 2 116
384.140808 1886.784546 845.239319 2154.384033 2 116
753.529663 678.596130 1030.690063 1020.331360 5 116
752.113831 682.474426 1052.371826 1040.008179 7 116
