1729.734497 613.106079 1933.756104 808.580750 2 190
1154.072998 717.370361 1355.890259 912.089722 2 190
1814.764771 1279.289429 2107.747070 1755.019775 2 190
347.709961 1150.159790 779.474915 1612.215454 2 190
1248.836304 316.590607 1354.553589 442.411285 2 190
937.194153 592.450623 1121.787842 765.407227 2 190
821.682007 1324.622681 1171.251221 1741.786377 2 190
1537.577393 325.263947 1648.618896 443.147034 2 190
1213.790039 102.743904 1292.275024 172.730469 2 190
853.577209 283.749939 986.512024 401.680847 2 190
1093.767090 37.133900 1147.639404 88.819191 2 190
1180.653687 679.219727 1366.408203 821.473206 2 190
818.487549 1364.660278 1158.346924 1765.245972 7 190
