878.100525 1105.829712 1235.748291 1497.154907 2 98
1721.691528 678.476318 1933.228149 958.909912 2 98
1629.454834 424.702362 1768.473511 579.165527 2 98
1080.635864 265.645630 1174.366455 359.406616 2 98
864.647827 285.784027 984.774475 405.590607 2 98
1212.524658 604.148010 1396.115112 796.567322 2 98
1241.842773 147.378952 1320.190186 227.108795 2 98
1436.581665 171.895279 1516.382202 256.536011 2 98
1265.824463 238.445999 1341.989746 310.102264 2 98
1083.744995 154.729263 1165.070190 230.096619 2 98
1330.400024 47.269073 1390.792236 101.706673 2 98
1213.644897 54.701324 1280.032471 119.296013 2 98
1182.152954 0.000000 1225.274780 16.869736 2 98
930.543213 509.220856 1140.626953 745.926086 7 98
