1758.990845 1181.826538 2062.822266 1629.612671 2 134
1725.283813 638.447083 1902.815796 851.240784 2 134
540.875916 1595.201904 1073.238159 2148.449219 2 134
1074.388672 256.694275 1171.643799 355.970398 2 134
1253.954346 270.713989 1355.361084 374.920685 2 134
1526.436646 310.527740 1648.019409 413.592773 2 134
1280.242188 404.608704 1377.267822 541.366760 2 134
1026.263672 457.731934 1159.675659 575.259766 2 134
863.523743 283.739410 983.133484 402.501160 2 134
1219.854980 129.019547 1296.914673 206.258682 2 134
1188.651245 11.756286 1243.315186 58.448063 2 134
1388.624390 121.015427 1468.197510 195.563385 2 134
383.418884 956.883850 858.308960 1532.841919 5 134
364.931427 920.350525 816.053284 1571.996704 7 134
