863.890259 285.894012 983.371521 404.778870 2 344
1193.614990 124.259254 1276.534180 195.809082 2 344
961.999023 492.301239 1139.318115 720.069336 2 344
1342.199097 69.715805 1415.219238 141.126587 2 344
1292.959106 17.725868 1353.845581 63.611294 2 344
1077.196411 173.774063 1211.699463 335.006195 2 344
1093.062988 31.705740 1148.779297 92.211678 2 344
1237.075073 0.000000 1287.114868 28.651426 2 344
1071.779541 147.894043 1212.130127 319.148926 5 344
1076.327271 173.859314 1214.102295 336.126007 7 344
3614.355957 227.065872 3840.000000 345.053986 25 344
