1744.555664 820.247253 1983.677856 1117.756470 2 110
1131.632935 777.212036 1365.889404 1069.241699 2 110
1661.830933 499.963959 1825.160767 662.217834 2 110
445.611786 1570.510376 1022.386292 2152.931396 2 110
1069.466553 314.984406 1176.139282 420.778168 2 110
1080.998291 180.004105 1168.419922 266.548462 2 110
1270.164917 277.051941 1354.354248 368.650909 2 110
1213.988770 77.836357 1283.422729 149.165939 2 110
1459.195801 211.818802 1554.413818 297.063538 2 110
1246.360229 182.630417 1328.413452 267.530701 2 110
863.350281 282.900238 984.023987 402.831787 2 110
1178.958984 0.000000 1231.496704 28.471411 2 110
1347.924438 63.863178 1415.536621 130.093338 2 110
834.740540 620.252258 1070.552734 920.610901 5 110
834.293152 627.691223 1118.958252 910.348816 7 110
