1816.377808 1185.415527 2090.792969 1621.711914 2 186
1728.222656 597.097412 1900.257324 758.059692 2 186
929.869202 1161.736206 1212.217407 1540.603760 2 186
458.545563 1068.268433 861.457703 1458.667969 2 186
1181.118164 646.091980 1369.796265 844.801208 2 186
969.856262 557.630188 1133.671387 717.700073 2 186
1246.074097 304.206818 1349.317383 421.464142 2 186
1520.315308 309.775055 1630.758423 416.145142 2 186
863.198120 282.261414 984.706116 400.646881 2 186
1209.408081 94.544212 1285.481079 161.996826 2 186
1093.357178 30.104311 1149.323730 79.488770 2 186
