1013.159363 840.811218 1254.042114 1139.487915 2 56
1472.320190 235.862488 1572.923218 335.112061 2 56
456.137085 1568.747314 957.742859 2135.961914 2 56
1586.267944 386.134979 1736.585938 543.456421 2 56
862.148865 282.876434 985.398743 404.621399 2 56
1253.797485 268.927002 1359.653442 366.440491 2 56
1048.517578 263.603546 1177.116699 419.827515 2 56
1346.179199 64.400307 1417.326904 129.084656 2 56
1092.155518 151.908401 1166.509399 211.999725 2 56
1235.110840 452.633728 1370.464233 603.376404 2 56
1284.217407 0.565395 1330.913696 29.770144 2 56
1232.027466 110.540253 1296.379639 168.190262 2 56
1089.797729 83.579346 1154.670410 131.225510 2 56
1198.467163 3.248806 1248.928711 48.675781 2 56
1221.226074 59.360214 1287.979248 106.385017 2 56
3614.248047 225.482590 3840.000000 340.929657 25 56
