699.613831 1275.745361 1103.490356 1723.307739 2 50
1453.665283 217.232315 1551.709839 313.874695 2 50
1079.373779 740.356140 1298.038574 978.261414 2 50
1572.097656 366.441162 1700.040527 491.472900 2 50
859.109619 284.387970 985.131531 404.785278 2 50
1256.197144 240.570251 1349.086304 331.055481 2 50
1247.279541 425.478607 1375.809814 545.503540 2 50
1335.794800 53.470398 1397.678955 112.319008 2 50
1195.460327 0.614204 1250.779663 47.839046 2 50
1090.120605 78.362038 1154.257690 121.741325 2 50
1090.571655 131.219101 1165.533203 197.267746 2 50
1056.416992 257.908722 1179.038574 380.171234 2 50
1227.262695 100.275703 1286.717529 151.385071 2 50
1221.220093 57.404591 1280.564209 98.006165 2 50
1277.698853 0.000000 1324.689331 22.560595 2 50
