956.869202 952.525574 1240.175903 1280.148804 2 40
1535.230225 311.192291 1659.874634 431.361450 2 40
1155.648926 604.178406 1330.708496 780.844788 2 40
1429.370605 184.208206 1520.811035 271.975708 2 40
1254.478394 351.476410 1367.417114 458.606628 2 40
1061.782715 225.293182 1176.077148 340.019745 2 40
864.138550 284.827423 983.682373 399.445709 2 40
1320.201172 40.710979 1387.112305 93.049385 2 40
1090.613159 112.024551 1163.320312 176.799301 2 40
1217.800537 74.896370 1278.786377 124.745628 2 40
1194.582642 0.000000 1246.132568 36.386776 2 40
1252.994995 203.249466 1333.551758 285.204498 2 40
1097.070068 52.786156 1158.251099 106.498543 2 40
1217.151489 48.631264 1273.755127 89.699760 2 40
1056.335449 201.246399 1175.793457 349.466827 5 40
