773.464966 783.454224 1036.514038 1038.538452 2 170
1669.767212 482.440308 1816.936401 628.292969 2 170
1784.857300 933.237915 2029.211060 1269.720337 2 170
1235.316528 232.720749 1332.408691 333.275848 2 170
1154.331665 785.907654 1344.850464 1033.307373 2 170
1232.981689 493.496460 1381.494629 637.295776 2 170
1470.632080 239.376633 1570.028809 330.942169 2 170
1200.063110 59.937569 1272.886475 125.789444 2 170
1028.901367 430.940186 1163.145874 575.733826 2 170
866.276001 281.985260 984.028748 404.602753 2 170
1097.865234 20.795858 1151.226440 60.938068 2 170
