1754.978394 743.824707 1952.955200 994.708252 2 149
1582.135986 380.711945 1710.849487 497.778381 2 149
960.348511 564.124573 1130.181396 726.020264 2 149
864.567139 284.160797 984.692871 405.793854 2 149
1061.018311 319.434570 1175.268799 432.468536 2 149
1252.465698 351.958221 1368.424072 459.301270 2 149
1425.278687 165.913910 1504.895752 246.094193 2 149
1230.755127 170.349182 1312.029297 256.460266 2 149
1196.916138 21.063135 1251.138916 85.361992 2 149
1254.060425 518.244629 1379.577881 672.820190 5 149
1252.153198 535.919800 1381.600708 674.193481 7 149
0.000000 1472.702515 540.334717 2151.470947 7 149
1681.713745 1518.695190 2098.490967 2158.176758 8 149
3614.117920 227.574341 3840.000000 342.455841 25 149
