1851.633911 907.799805 2085.731934 1214.867188 2 221
525.824646 991.173340 900.743042 1385.651245 2 221
613.053894 1404.828369 1106.456055 2001.140991 2 221
1219.250000 520.737488 1384.288086 696.818787 2 221
1240.661377 191.506332 1330.287109 282.241974 2 221
862.455688 284.313354 984.420837 406.985992 2 221
1633.963379 481.100220 1795.469971 626.581848 2 221
1077.521606 67.182480 1150.581787 137.683746 2 221
1099.734375 20.317724 1154.139771 57.243229 2 221
3616.354980 225.893433 3840.000000 342.165619 25 221
