994.181641 891.221436 1240.854248 1190.439941 2 58
1603.825684 412.907837 1744.670776 551.968689 2 58
1481.856323 246.483749 1581.922607 348.284882 2 58
1255.032349 288.494110 1361.065796 383.656525 2 58
865.403137 283.456879 984.233704 401.295990 2 58
1232.479492 478.739868 1379.548462 620.175354 2 58
1089.902588 151.529831 1165.305908 220.370163 2 58
399.202545 1677.275024 897.225464 2123.043945 2 58
1348.357544 66.781197 1417.758667 134.337036 2 58
1288.860962 2.236404 1329.288818 32.161560 2 58
1233.590576 112.079193 1298.659546 175.251495 2 58
1091.493164 82.044861 1152.405396 133.253281 2 58
1199.901489 5.258216 1253.937988 59.866215 2 58
1221.737061 58.623444 1288.205078 111.806885 2 58
1048.864014 301.518951 1182.663940 431.965363 2 58
1047.379028 273.208923 1179.742310 430.115875 5 58
1043.055664 294.548248 1191.429932 431.791046 7 58
