758.907776 811.889160 1022.628906 1050.949341 2 171
1783.670044 945.599182 2038.547607 1286.505859 2 171
1671.120605 487.428436 1826.993652 638.172058 2 171
1028.198120 453.124664 1160.382690 578.873718 2 171
1228.332642 501.548279 1387.443481 651.420349 2 171
1144.629028 812.504150 1335.468628 1048.831787 2 171
1473.932495 244.659561 1575.718750 337.597473 2 171
1239.209351 234.979233 1333.266724 337.978333 2 171
1201.379639 59.937111 1270.696289 129.824066 2 171
866.719910 283.912689 984.201904 403.689972 2 171
1097.455933 23.854464 1150.978638 62.024513 2 171
