1762.935913 1062.548828 2035.821411 1480.778687 2 128
772.424072 1287.887817 1176.718140 1846.671631 2 128
1709.048462 604.376099 1880.762939 802.543579 2 128
1249.102905 246.520370 1350.436157 340.699738 2 128
1512.538330 271.983246 1619.293579 382.735504 2 128
1377.194458 106.995331 1452.761597 175.237411 2 128
1279.916626 374.193176 1375.459717 483.917511 2 128
1073.399902 233.841461 1174.496094 329.353149 2 128
1042.928955 403.310730 1165.692993 542.107605 2 128
1220.235107 116.208221 1294.837524 189.199783 2 128
1182.649536 2.024860 1241.604004 49.479843 2 128
852.524841 282.964417 987.419312 402.195618 2 128
552.496460 843.938782 931.447632 1339.528809 5 128
560.476562 825.750793 931.620422 1318.065430 7 128
