760.356079 1210.744385 1136.877197 1615.921021 2 48
1100.840210 701.756470 1306.902466 934.341370 2 48
1448.739380 210.136856 1545.308472 303.298859 2 48
1247.672241 402.035400 1372.327637 521.978638 2 48
1568.004028 361.224274 1695.017456 485.461090 2 48
866.645203 283.974152 981.812500 401.070984 2 48
1256.329834 235.836166 1346.489624 324.171509 2 48
1056.979614 248.415283 1177.865601 380.384644 2 48
1334.660034 54.078709 1394.647949 107.176315 2 48
1194.804443 1.336098 1249.351318 45.199123 2 48
1092.136841 126.578285 1161.983398 194.513611 2 48
1091.084106 71.914101 1154.914917 121.294434 2 48
1228.542114 100.193359 1283.599365 147.803528 2 48
1218.381958 51.774670 1283.644653 98.266289 2 48
1275.609131 0.000000 1324.823730 21.306494 2 48
1053.574829 241.266846 1177.604492 375.836548 5 48
