854.559021 1077.208984 1202.882812 1413.110474 2 44
1131.214966 653.772644 1316.331665 850.938354 2 44
1439.878906 198.875305 1529.646851 289.046509 2 44
1548.720825 337.087769 1678.217163 454.164948 2 44
1251.529419 371.253998 1368.654419 491.671906 2 44
853.709656 285.226807 985.662170 405.110748 2 44
1251.236450 214.455750 1341.361084 303.206970 2 44
1059.815918 252.863831 1180.045044 364.251007 2 44
1324.213501 44.442268 1393.835083 102.392059 2 44
1089.947632 123.269226 1162.681396 183.384811 2 44
1220.009277 81.925728 1282.603638 139.661514 2 44
1193.758667 0.413876 1248.953125 39.300209 2 44
1095.425781 58.753105 1156.643188 110.861145 2 44
1218.357056 48.006817 1277.775024 92.992393 2 44
