1483.136108 236.328842 1589.956421 334.727417 2 23
1150.707520 655.292542 1337.637817 842.660034 2 23
1389.005371 132.950928 1469.677490 214.704086 2 23
1258.123291 257.066895 1350.172974 353.372833 2 23
865.100708 283.231537 984.587219 401.849091 2 23
1075.797119 175.632690 1175.968384 278.803467 2 23
1298.098633 9.250316 1355.844482 60.706154 2 23
1205.249023 426.715942 1337.366699 574.249939 2 23
1231.838257 140.447845 1307.293091 204.861588 2 23
1210.443970 47.675911 1260.220703 90.670563 2 23
1094.385254 83.350693 1157.774536 142.705307 2 23
1095.007446 32.842369 1151.936646 79.943954 2 23
1195.061035 0.852413 1237.698975 24.155329 2 23
1215.370361 22.684534 1261.093872 65.091644 2 23
3618.188721 229.499115 3840.000000 338.997559 29 23
