1129.750122 687.802795 1325.647583 911.116638 2 26
1303.765137 16.648350 1358.379028 64.908195 2 26
1257.577148 266.283966 1351.867432 369.336639 2 26
1495.361938 250.211441 1600.199707 354.593903 2 26
868.104858 283.420715 982.804565 402.412231 2 26
1196.457764 450.420990 1335.636963 601.363281 2 26
1396.982666 143.823624 1477.543335 224.320663 2 26
1070.937378 177.423813 1175.103271 289.168488 2 26
1234.636108 150.684570 1311.914551 222.515472 2 26
1210.271362 47.999035 1263.755371 95.960762 2 26
1096.485229 87.474457 1156.518188 142.045547 2 26
1214.741455 23.795240 1262.947388 68.205070 2 26
1194.611084 0.000000 1238.790527 22.206285 2 26
1101.318115 45.803715 1151.949463 87.674438 2 26
