1277.289551 441.581116 1384.598511 564.058777 2 137
1251.161377 287.184662 1362.338135 389.212860 2 137
438.406677 1798.988281 979.113525 2144.399414 2 137
851.748169 284.133209 984.644897 404.904541 2 137
1537.893433 318.753540 1662.200562 429.847504 2 137
1070.539062 258.496399 1180.296387 371.899078 2 137
1393.256348 117.029449 1474.790894 202.978470 2 137
1221.713379 122.267754 1304.985840 213.247131 2 137
1190.196045 25.018557 1251.575073 66.211678 2 137
1013.798279 463.441284 1161.495483 603.903992 2 137
1758.338867 1203.267456 2088.051758 1769.957275 2 137
1748.573120 1240.851929 2064.250244 1734.192017 5 137
1723.509766 650.908325 1919.411377 888.885681 7 137
1736.395508 1210.601318 2073.459229 1772.964355 7 137
297.844482 1042.782227 809.946411 1643.498779 7 137
1019.516541 463.703369 1153.154663 607.887024 7 137
1613.497070 119.780724 3773.735840 2160.000000 63 137
1663.255493 364.038605 3740.551514 2154.485840 66 137
