728.119141 1269.339966 1110.936768 1726.632080 2 3
1218.621704 296.329285 1333.631958 412.856232 2 3
1729.380249 1441.423096 2073.844238 2102.493896 2 3
1244.437744 180.627472 1324.339111 258.085876 2 3
857.487183 281.719757 986.996704 402.020966 2 3
1430.803467 162.434448 1516.151611 249.288925 2 3
1348.048218 91.516449 1424.445557 155.630371 2 3
1097.154541 49.943214 1155.163940 101.327301 2 3
1218.909790 82.733284 1286.065796 144.049637 2 3
1080.733521 130.939178 1170.487915 212.750916 2 3
1230.614624 447.112854 1356.560059 584.016724 2 3
1198.406616 17.922993 1245.818970 60.891205 2 3
1280.375977 0.000000 1325.512207 23.784197 2 3
1115.408813 0.000000 3530.037109 2160.000000 6 3
1717.570312 1468.261597 2079.617920 2142.483398 67 3
