1523.304565 291.748230 1634.964111 415.621826 2 70
728.760071 1242.294800 1118.998047 1685.520752 2 70
1257.728516 351.992432 1372.448853 473.131805 2 70
1641.928345 476.534119 1805.182495 656.083435 2 70
862.027771 284.274658 984.613098 401.111511 2 70
1197.664429 594.998779 1369.860474 778.989563 2 70
1087.287354 177.795975 1168.189087 253.631393 2 70
1371.591309 93.125206 1441.243408 161.729950 2 70
1081.257935 102.197906 1158.757568 164.912216 2 70
1201.290161 16.707458 1264.466064 73.755791 2 70
1298.414185 2.377395 1349.486450 51.172825 2 70
1243.840454 137.633392 1307.128540 203.217422 2 70
1225.811279 79.920555 1298.937378 142.536728 2 70
1033.549805 343.931335 1174.037964 507.900452 5 70
1025.564087 342.820343 1182.507812 509.541748 7 70
