1559.863647 340.107513 1684.696411 477.379852 2 81
1126.898682 733.521484 1351.153320 976.030701 2 81
1677.626587 560.497009 1852.473999 769.929626 2 81
1255.084106 170.496475 1320.249023 242.236511 2 81
1310.246704 20.341299 1361.656982 66.606789 2 81
1084.711426 207.767822 1171.650146 293.182404 2 81
1202.989990 39.141193 1268.384155 91.989891 2 81
1245.403320 424.494537 1385.782959 582.015564 2 81
864.568848 284.116974 982.692688 400.933899 2 81
1228.046509 108.125832 1306.111938 173.436569 2 81
1391.455566 120.310814 1474.453613 200.550140 2 81
1081.006104 119.997650 1161.203613 189.116119 2 81
313.135925 1802.676270 868.575134 2132.464600 2 81
1000.565125 399.469849 1168.262695 590.368530 5 81
3615.330078 225.405106 3840.000000 343.578156 25 81
