989.842346 895.534790 1240.134033 1195.228027 2 58
1255.099487 281.550842 1362.081543 385.844513 2 58
1472.609009 243.677658 1580.616089 346.457031 2 58
1233.890869 476.630707 1378.185181 621.280579 2 58
1602.789307 412.023224 1744.766235 553.209900 2 58
866.918152 283.455139 983.305847 402.105194 2 58
1088.257935 152.914001 1165.248291 218.784821 2 58
1348.314575 66.167160 1417.066772 133.555756 2 58
393.351013 1703.109619 899.296936 2157.272949 2 58
1287.306274 0.992660 1328.902466 32.279663 2 58
1233.058350 111.009346 1298.326782 175.209381 2 58
1090.299316 82.459938 1151.412354 132.485382 2 58
1201.223267 5.396232 1253.968018 60.579983 2 58
1051.327393 293.809540 1178.602295 433.205200 2 58
1219.524902 59.326855 1286.499146 110.807297 2 58
1049.981445 273.177338 1178.194824 429.990448 5 58
