1214.129883 318.619415 1336.363892 451.239471 2 8
541.160706 1461.524414 1024.355103 2090.434570 2 8
853.831055 283.514771 984.985352 405.210785 2 8
1433.549683 174.191193 1538.301636 271.206665 2 8
1239.329834 185.305695 1334.051392 283.847351 2 8
1219.180664 96.580002 1294.103760 161.587250 2 8
1076.991455 143.286774 1174.025391 232.828323 2 8
1356.777466 101.565048 1440.085815 170.728104 2 8
1222.443970 482.363068 1349.723511 639.497742 2 8
1283.059326 1.112137 1332.015991 36.985584 2 8
1094.261597 56.308247 1160.345947 109.431145 2 8
1196.191284 28.045862 1251.664429 70.918861 2 8
1083.365967 140.925064 3600.332520 2133.308350 13 8
1573.636353 112.257721 3800.375732 2160.000000 63 8
1638.278564 366.360504 3753.041992 2154.875732 66 8
