1744.246460 960.157104 2026.486450 1346.712280 2 122
936.572083 1084.953125 1272.657593 1486.593140 2 122
1697.395020 577.647400 1872.902832 760.257324 2 122
1054.340576 373.129791 1172.165527 495.290192 2 122
1493.316528 260.596954 1599.632446 350.820343 2 122
865.360718 284.697754 986.022766 402.364288 2 122
1219.187134 103.671677 1291.859131 173.127472 2 122
1076.799316 212.110855 1169.239136 309.342834 2 122
1253.021240 230.367386 1343.121216 317.883087 2 122
1368.203369 90.764175 1439.858032 160.623306 2 122
1183.588135 5.054569 1239.304077 43.275658 2 122
1279.171387 348.008759 1368.669067 439.549347 2 122
657.493774 746.760803 999.400696 1146.072632 5 122
671.762329 777.864502 984.358704 1165.167114 7 122
