1762.631226 813.509277 1984.311401 1069.931519 2 157
912.325562 641.459961 1106.275269 815.116272 2 157
1441.501099 191.907562 1529.953857 275.167450 2 157
1252.054077 405.278412 1374.869751 520.203430 2 157
1614.796021 417.619720 1754.741943 547.396851 2 157
1049.243164 364.875977 1176.673828 484.229370 2 157
1231.945679 188.053421 1318.065918 281.288208 2 157
862.166931 284.735870 983.622375 405.023773 2 157
1199.018066 37.089497 1255.382446 101.240952 2 157
1228.932861 608.703674 1377.068604 789.156860 2 157
