1043.066895 797.938110 1281.453003 1049.359131 2 53
600.291992 1381.648315 1038.004517 1923.628174 2 53
1465.297485 229.911102 1562.164917 326.601318 2 53
1581.197510 371.296326 1716.273193 513.392822 2 53
859.156128 285.925140 985.861877 404.999054 2 53
1091.967896 142.242386 1166.947632 207.263367 2 53
1255.354736 257.757568 1352.194702 352.725189 2 53
1244.936768 430.916260 1374.126587 574.071350 2 53
1046.609375 249.603073 1177.266846 405.111786 2 53
1194.708374 0.695343 1253.084961 51.021992 2 53
1342.550415 57.393776 1408.069458 116.940247 2 53
1087.556763 78.374741 1156.907959 128.018875 2 53
1282.253174 0.000000 1328.199829 24.934786 2 53
1223.938965 57.469822 1284.852417 98.860123 2 53
1229.102051 104.892479 1295.557861 156.745712 2 53
