1728.006104 729.428772 1949.136841 1012.499512 2 102
1644.445312 445.761993 1794.536377 607.990479 2 102
778.351868 1233.451416 1171.820801 1695.456299 2 102
1077.549316 283.819305 1172.499756 381.397339 2 102
1188.276855 649.802368 1388.940918 873.958496 2 102
864.479004 283.267700 983.748962 404.563629 2 102
1442.335083 182.449142 1527.051636 268.757050 2 102
1266.377319 252.707397 1346.901978 326.586548 2 102
1082.803223 163.959610 1165.171753 240.792038 2 102
1242.971436 153.507370 1321.067261 235.884918 2 102
1335.898682 54.557930 1397.499634 111.233879 2 102
1209.270874 66.231018 1279.415649 127.908661 2 102
1179.931030 0.000000 1229.150024 20.895193 2 102
895.400269 554.127258 1117.879150 797.825989 7 102
