1501.996338 265.672394 1612.623413 377.334930 2 30
1091.228516 759.204773 1303.047974 993.214722 2 30
1071.899048 190.249313 1177.101074 305.077728 2 30
1255.389038 287.697937 1356.615234 391.862274 2 30
1406.712891 154.114029 1485.633789 237.324707 2 30
1193.323608 497.161865 1334.375610 649.841858 2 30
1306.233398 23.733843 1362.922607 70.927216 2 30
859.208313 284.103241 987.322937 402.485474 2 30
1239.185303 158.736633 1319.341309 235.926575 2 30
1211.566406 56.085888 1271.420776 109.523384 2 30
1094.593506 98.067619 1161.315186 153.218292 2 30
1097.713501 47.567307 1156.631714 91.047760 2 30
1216.349609 27.369574 1265.157959 70.166473 2 30
1191.511597 0.000000 1241.212891 24.639757 2 30
1145.305542 1.386566 3508.612793 2160.000000 6 30
