917.760986 623.440125 1112.269653 792.810364 2 155
1764.422729 791.241821 1977.270020 1049.503418 2 155
1605.095459 411.249146 1745.739014 534.636597 2 155
1050.737915 349.841187 1177.319458 465.690399 2 155
866.129089 283.285767 983.901733 404.090515 2 155
1230.610962 186.943237 1317.570190 276.241943 2 155
1438.703369 182.043442 1522.974365 268.769989 2 155
1247.414185 379.030823 1372.393677 507.833618 2 155
1198.068115 37.838055 1256.409546 98.175537 2 155
1230.192261 589.752930 1384.532837 766.631409 2 155
1093.619873 4.476643 1152.752686 45.680405 2 155
1238.505737 589.311890 1384.213257 763.434204 7 155
3618.460449 229.466614 3840.000000 343.524384 25 155
1691.432617 1763.733154 2095.449219 2159.697266 56 155
