1726.052734 1278.637085 2086.941895 1882.453857 2 140
1732.106079 672.368042 1931.860352 904.963501 2 140
1552.747070 342.559753 1678.690430 443.000427 2 140
1252.864746 295.804932 1362.240356 405.672791 2 140
1066.031738 282.383423 1176.097778 385.359863 2 140
1191.305664 20.657156 1246.524292 67.981796 2 140
866.761658 283.829834 983.795532 405.089600 2 140
996.829468 489.293823 1154.100952 634.357971 2 140
1401.788086 141.861649 1484.786377 212.252640 2 140
1220.982544 146.632446 1304.846680 225.204605 2 140
1281.122925 458.653778 1380.843628 582.854919 2 140
455.419403 2032.308350 893.665100 2150.903320 2 140
200.632889 1138.025146 740.692078 1775.821777 7 140
3619.464355 228.056015 3840.000000 344.680237 25 140
