1743.042480 1288.033569 2079.428711 1792.579834 2 139
1550.140991 331.068176 1671.571411 439.148468 2 139
1720.351318 652.507202 1932.772217 896.449646 2 139
1190.895996 17.729588 1248.098145 66.171509 2 139
1067.053955 266.703278 1176.878052 379.728333 2 139
1251.761597 298.687225 1361.958374 392.575012 2 139
862.642883 284.812988 983.584595 404.909790 2 139
1223.177002 146.231461 1304.242065 222.436050 2 139
1401.361450 140.811996 1482.845215 209.553207 2 139
1007.707275 481.679962 1160.387939 623.315491 2 139
469.482697 1947.819336 898.326660 2149.313721 2 139
1280.394653 459.650330 1380.955078 574.608032 2 139
235.013260 1086.642822 773.061951 1730.324341 5 139
