1100.689941 795.936523 1331.828491 1043.685303 2 84
1573.225464 362.976013 1700.723877 490.019836 2 84
1693.527100 589.045105 1865.155273 799.492798 2 84
1083.523315 215.592377 1172.959595 305.219757 2 84
1314.194092 26.234320 1365.860962 73.728783 2 84
1396.936401 132.322311 1476.140259 204.910797 2 84
1202.318604 45.384918 1271.810303 94.142471 2 84
865.768005 283.224548 982.380920 403.670868 2 84
1237.846069 453.470978 1389.740112 607.151611 2 84
1231.431641 113.227379 1306.025513 179.847092 2 84
1258.299683 180.342285 1318.736206 252.241394 2 84
1081.446533 127.146713 1163.203979 197.965500 2 84
992.317932 417.445312 1160.363403 607.850525 5 84
3612.900391 228.216125 3840.000000 337.965179 25 84
