1046.211914 797.253540 1283.433716 1046.708618 2 53
599.370300 1382.217773 1042.079468 1921.897827 2 53
1465.202515 227.922577 1560.255981 325.733612 2 53
862.026855 285.586945 984.501404 403.853180 2 53
1581.790039 372.784180 1716.229248 512.285828 2 53
1255.768066 254.766296 1352.031860 354.212708 2 53
1092.700195 143.863678 1166.875244 207.273544 2 53
1244.981201 430.462158 1374.714600 572.722961 2 53
1047.767456 248.689835 1179.706177 404.748322 2 53
1195.897827 0.787239 1252.019897 50.320240 2 53
1085.645508 77.491371 1156.692017 127.439110 2 53
1343.825317 58.780857 1408.552124 116.472237 2 53
1282.322632 0.000000 1326.347656 25.563696 2 53
1222.545288 57.874199 1284.230713 99.042488 2 53
1230.204712 104.648834 1293.882568 157.204041 2 53
