681.900330 1306.186035 1116.888916 1785.892578 2 4
1732.097168 1444.390625 2075.238525 2135.969727 2 4
866.613892 283.614563 985.085999 400.853088 2 4
1244.106812 181.091873 1326.198730 261.904541 2 4
1216.000610 306.532043 1328.108276 418.742737 2 4
1435.897461 168.061172 1518.688843 257.436768 2 4
1349.748657 91.795227 1424.693237 160.660965 2 4
1220.831177 84.425636 1288.124023 149.295715 2 4
1084.541138 150.010406 1168.981201 221.091263 2 4
1229.548218 452.278259 1356.594360 590.237000 2 4
1096.549561 51.653248 1157.932495 105.804398 2 4
1200.766235 21.390608 1245.257690 61.298557 2 4
1198.742188 1.722507 1242.015137 37.606140 2 4
1282.123291 0.000000 1323.661865 26.384409 2 4
1729.057739 1476.300781 2081.121094 2134.885742 5 4
3616.746826 223.493713 3840.000000 341.078552 25 4
