1808.001953 1317.560303 2117.031250 1832.933472 2 192
1141.727539 712.623474 1359.973022 953.804932 2 192
1730.441528 641.334656 1945.972778 820.943726 2 192
928.858887 605.768372 1120.574341 792.476868 2 192
1214.812866 108.617355 1293.873169 180.229675 2 192
1539.208496 336.292969 1656.575195 451.702728 2 192
289.197906 1225.655762 749.828857 1689.548828 2 192
862.571106 284.272949 984.871399 403.544403 2 192
1245.814941 332.690491 1359.353638 453.986176 2 192
769.271545 1382.332642 1130.215942 1864.892456 2 192
1093.921753 39.051128 1146.315186 89.545547 2 192
