1143.698120 691.695740 1356.383789 913.494385 2 78
1668.503418 535.664246 1834.621216 733.585693 2 78
1548.347778 332.218414 1677.363647 452.903442 2 78
1305.679199 17.029953 1359.988159 62.316166 2 78
1254.368164 419.407074 1382.326172 553.033997 2 78
865.237610 284.215942 983.913879 401.928955 2 78
1253.957764 163.753159 1318.079468 227.591736 2 78
1086.286011 201.420807 1170.954346 284.797882 2 78
1385.818481 116.831413 1461.532349 188.213989 2 78
403.504669 1613.797729 964.643066 2153.786621 2 78
1084.947510 113.589127 1161.127686 179.843781 2 78
1229.720215 102.863495 1300.781372 165.978806 2 78
1204.750366 38.383709 1266.442505 87.314636 2 78
1008.638000 379.111389 1176.567261 565.884888 5 78
3616.415039 227.007050 3840.000000 344.820312 25 78
