1182.837036 537.173157 1349.068604 720.074036 2 277
862.815735 286.516113 984.602112 408.502319 2 277
1811.178467 984.358154 2074.684570 1318.582886 2 277
1071.634521 178.834061 1160.532227 285.059509 2 277
1280.031616 4.371643 1322.216431 32.651596 2 277
398.094025 1817.054077 907.137512 2141.786621 2 277
1081.744019 55.499149 1172.360840 141.059875 2 277
1140.870972 7.382869 1178.428223 37.346931 2 277
1087.388306 13.894557 1172.479980 143.719254 7 277
3617.309570 228.083481 3840.000000 343.738373 25 277
