796.619202 1239.217896 1171.240845 1698.828247 2 216
647.312195 907.591736 971.099548 1233.820679 2 216
1231.399536 481.048035 1383.449829 644.469177 2 216
1239.822510 177.542603 1324.051758 262.266876 2 216
1830.184082 840.249329 2066.730469 1130.103271 2 216
858.065247 284.032379 985.542358 405.832306 2 216
1080.226807 63.312546 1148.804077 125.848267 2 216
1622.983276 454.480682 1765.159180 595.377563 2 216
1101.466553 6.230564 1160.295410 48.521286 2 216
3616.001465 226.001236 3839.991455 342.083923 25 216
