1815.238159 1229.044312 2099.816895 1697.096191 2 188
1731.304443 605.361633 1916.087402 780.435608 2 188
1247.894531 311.883636 1352.310791 425.227753 2 188
1524.329590 317.501892 1635.816162 425.003571 2 188
889.919556 1240.914673 1208.784424 1612.564209 2 188
404.687897 1127.610352 823.035950 1535.462158 2 188
1167.509888 663.863953 1372.702026 875.958435 2 188
955.468567 565.465820 1131.120972 736.548340 2 188
864.115723 282.340942 983.490417 401.640564 2 188
1213.249390 99.798309 1290.022217 166.100800 2 188
1094.459351 31.875742 1151.199097 79.517265 2 188
3614.279785 228.248505 3840.000000 343.012817 25 188
