1747.383911 1282.668579 2072.000244 1760.191650 2 138
1546.514893 327.604736 1666.181641 436.616577 2 138
1069.695801 266.194031 1175.618896 380.104401 2 138
1018.485779 472.131012 1153.055908 621.434265 2 138
1188.902466 16.156139 1248.627197 64.904076 2 138
461.427002 1846.043091 939.626282 2132.497070 2 138
1250.364868 293.962891 1363.423950 390.008789 2 138
1220.767700 138.103973 1304.624023 215.495331 2 138
1397.807739 127.698547 1476.713623 205.674011 2 138
847.510498 283.191925 987.456726 404.679443 2 138
1279.082764 435.851532 1377.819824 572.009888 2 138
275.605927 1060.988159 789.349365 1688.507690 5 138
1723.276489 654.162231 1926.907593 888.202148 7 138
