1760.720215 794.002747 1975.631958 1051.870605 2 155
918.382141 624.462402 1109.295654 792.438782 2 155
1604.088501 410.016266 1743.673218 535.690674 2 155
1051.618774 346.465271 1177.014526 465.188812 2 155
1439.477905 180.651382 1523.393188 270.224304 2 155
1231.052002 186.142151 1317.645264 273.795410 2 155
1238.095215 590.018311 1383.505737 760.816589 2 155
855.620300 283.906616 986.141602 403.928802 2 155
1250.494019 399.362854 1378.691650 510.859436 2 155
1195.533447 34.816818 1258.302612 99.238121 2 155
1694.176880 1765.300781 2088.412598 2160.000000 56 155
