1445.301270 188.632721 1542.390259 276.607819 2 11
865.169312 283.170776 982.727905 400.845551 2 11
1216.690308 344.172119 1332.132568 464.868134 2 11
428.896332 1642.341553 950.375061 2142.273438 2 11
1360.397095 112.869522 1440.281494 178.578522 2 11
1077.540039 141.043503 1171.483154 239.539597 2 11
1252.689941 209.296066 1336.217407 295.102936 2 11
1216.141235 506.414764 1355.178955 669.549805 2 11
1288.338501 4.122105 1334.803589 37.136131 2 11
1225.174438 98.894859 1291.302246 164.215378 2 11
1102.503662 65.403786 1155.791382 120.585930 2 11
1200.365479 18.227520 1250.928467 68.315331 2 11
1107.504150 32.781658 1146.789551 66.199547 2 11
1200.114624 5.284996 1244.484253 39.832417 2 11
1696.010010 1615.294067 2081.030029 2160.000000 67 11
