1467.124146 211.832764 1563.124756 310.269104 2 17
863.084229 284.058929 984.591125 402.314178 2 17
1212.812988 386.526581 1333.403442 520.124207 2 17
1188.703979 580.587219 1347.814819 750.424866 2 17
1224.621338 122.498810 1302.900269 186.702682 2 17
1256.035278 234.493439 1341.824219 322.552734 2 17
1377.989258 120.650703 1452.791382 198.885941 2 17
1080.567627 176.474518 1172.880127 257.356567 2 17
1095.916626 73.055649 1160.008789 125.840599 2 17
1291.995361 4.206848 1341.476318 45.575176 2 17
1199.938110 20.250776 1252.281860 71.499596 2 17
1210.750854 45.895096 1255.595947 83.698593 2 17
1101.603394 32.717056 1150.629639 68.540955 2 17
3618.037109 224.280609 3840.000000 342.129791 29 17
