858.344482 682.279297 1083.792847 910.826721 2 200
1067.018311 826.938599 1316.388550 1143.119385 2 200
1568.183228 371.584381 1688.538452 499.566162 2 200
1773.652100 707.780396 1984.736328 902.636902 2 200
1247.134766 371.009186 1367.019775 514.224243 2 200
863.049561 283.527130 984.604736 405.301422 2 200
1219.650024 126.559631 1304.732910 203.939316 2 200
0.000000 1517.074219 531.946106 2124.582031 2 200
1085.973877 46.178509 1151.505005 99.289963 2 200
547.694275 1834.558716 949.319153 2152.377197 2 200
1783.604980 1503.988403 2147.545166 2159.658447 2 200
483.825043 1846.583984 939.998657 2151.050781 7 200
