493.713654 1540.065186 1046.433350 2149.336670 2 224
1848.156616 953.035095 2101.521484 1267.685303 2 224
439.921112 1066.737915 877.351257 1497.893311 2 224
1207.272217 545.577026 1377.942749 729.228394 2 224
1246.671265 198.779968 1337.434082 298.498749 2 224
855.965454 282.891998 985.940613 405.101837 2 224
1641.620728 495.154358 1806.737549 654.893982 2 224
1077.096313 65.012856 1152.032471 145.197250 2 224
1094.538330 28.481138 1156.070190 65.857430 2 224
3615.255615 228.442490 3840.000000 342.899414 25 224
