1093.329590 800.767761 1341.775513 1091.832886 2 198
1247.962402 370.633484 1363.769409 486.885071 2 198
856.469116 281.447632 985.258789 403.910614 2 198
1563.862671 365.815186 1686.126709 485.908325 2 198
578.924561 1697.718628 1003.675537 2160.000000 2 198
878.315918 666.670166 1096.513794 853.860718 2 198
33.642338 1417.652588 604.173950 1992.424316 2 198
1223.799316 123.755943 1301.352417 198.918213 2 198
1090.990356 43.906513 1152.994995 94.870369 2 198
1789.294067 1449.805664 2128.996338 2119.189453 2 198
1753.657104 686.056213 1981.780884 886.116577 2 198
1728.558105 656.936401 1976.237549 890.251648 7 198
31.688631 1365.125854 604.470825 1967.194824 7 198
3616.722900 225.269958 3839.538818 346.507965 25 198
