1720.312500 690.131470 1944.194092 973.921143 2 99
837.689026 1138.042969 1227.074707 1539.613892 2 99
1631.038330 433.489014 1771.839355 586.365845 2 99
1080.644165 268.298706 1175.417236 368.743042 2 99
863.887573 285.321106 983.250793 399.917664 2 99
1213.812988 615.408386 1394.774902 804.107727 2 99
1240.447754 145.530731 1320.676025 228.979904 2 99
1267.152100 239.173950 1343.276001 312.200287 2 99
1436.660278 173.395370 1518.751465 258.709930 2 99
1082.805786 156.371262 1165.515747 231.809113 2 99
1332.366577 49.987617 1392.315674 101.248566 2 99
1206.007568 64.514404 1280.645020 122.277252 2 99
1182.428833 0.000000 1224.621094 15.599154 2 99
926.789795 571.725159 1132.187622 763.866394 2 99
921.639221 513.397583 1138.679443 754.490051 7 99
