1688.587402 516.417603 1858.284790 674.315369 2 176
1492.583862 262.479034 1591.949097 363.149506 2 176
694.772705 891.166016 973.114624 1163.025513 2 176
1084.834595 894.448547 1304.433960 1194.122925 2 176
1792.689575 1006.374817 2061.164062 1375.482544 2 176
1218.287720 547.869507 1382.187012 701.644897 2 176
1242.377075 258.566528 1341.796875 360.609161 2 176
859.846985 284.272034 984.067200 404.308655 2 176
1204.542236 69.182793 1276.543213 137.176315 2 176
1010.009827 482.627991 1155.932495 623.149048 2 176
1096.280640 34.548283 1149.847412 67.855392 2 176
1740.672485 1012.585449 2077.849365 1352.881836 6 176
3617.862549 223.147308 3840.000000 342.614227 25 176
