1486.597900 243.771271 1588.949951 345.764679 2 24
1147.420410 661.132446 1340.041138 864.747559 2 24
867.992249 284.061920 983.214417 402.984558 2 24
1256.667969 262.897095 1351.180664 356.499908 2 24
1389.894531 136.280823 1473.667236 214.856171 2 24
1075.066895 174.441254 1173.716797 283.720184 2 24
1201.716919 435.226105 1335.365845 586.026978 2 24
1299.114258 12.262801 1355.394653 60.541302 2 24
1233.972778 140.411331 1309.249268 210.710327 2 24
1095.298096 84.336655 1157.502441 143.671646 2 24
1208.521362 46.505238 1261.371460 93.098366 2 24
1097.863770 33.899803 1149.276367 78.451530 2 24
1214.452026 22.903574 1262.516479 66.506020 2 24
1195.012695 0.468636 1236.789551 22.711485 2 24
3618.753418 227.845215 3840.000000 339.278381 29 24
