1749.016846 818.422119 1979.437744 1126.807861 2 110
1132.398438 773.381409 1365.591187 1066.140869 2 110
1658.518188 495.439209 1829.401855 666.424438 2 110
458.493744 1577.660645 1015.179260 2150.128418 2 110
1071.473145 316.614502 1174.238770 420.830139 2 110
1457.889282 210.954422 1556.153809 297.210815 2 110
1348.098877 62.798820 1415.698853 129.742584 2 110
1271.616455 280.967438 1356.345825 366.913483 2 110
1078.982178 180.270874 1169.371948 265.501434 2 110
1215.891846 78.423325 1284.409302 145.203659 2 110
1246.305054 180.217316 1328.688477 266.255127 2 110
855.824097 283.194672 986.381226 403.123260 2 110
1182.215820 0.260468 1231.644165 27.319906 2 110
829.071838 634.752686 1074.417358 930.590454 5 110
833.061035 613.373657 1073.636475 923.526367 7 110
