1746.592407 1223.617310 2072.527344 1701.419556 2 136
1725.316895 651.490356 1918.656860 872.052124 2 136
513.533752 1708.543335 985.749023 2157.123779 2 136
1537.274902 318.077759 1656.075562 421.814331 2 136
1070.953735 259.436066 1175.774292 366.671997 2 136
1220.696289 137.426025 1304.644653 210.924561 2 136
1281.265747 435.775085 1379.687866 548.947083 2 136
1394.724121 126.251213 1473.765991 199.134964 2 136
1188.213867 14.543838 1247.664551 60.804401 2 136
848.202881 283.521973 988.066223 404.786560 2 136
1250.647705 291.568329 1359.511475 381.021301 2 136
1021.999451 456.365753 1154.086670 606.060852 2 136
331.904022 1042.867310 835.166687 1611.750366 5 136
341.118195 1030.514771 823.601562 1586.248535 7 136
