1728.630493 1263.307007 2081.526367 1784.041626 2 138
1544.506226 327.030823 1667.313965 436.272919 2 138
1722.682251 652.717773 1925.575684 891.458191 2 138
1072.690308 267.659546 1174.212402 378.827454 2 138
865.313171 287.898651 984.639648 405.052979 2 138
1252.551147 293.457611 1362.959106 390.200928 2 138
1190.575073 19.314192 1247.898315 66.109657 2 138
1017.055969 480.213989 1149.368164 612.890137 2 138
1398.447632 131.971771 1476.534912 206.076385 2 138
1223.567017 138.254471 1302.807495 216.633667 2 138
1281.509155 433.829926 1378.325195 573.387451 2 138
458.234375 1857.067749 947.025879 2139.507324 2 138
277.882721 1058.516235 781.987305 1687.066406 5 138
