1220.431885 294.579132 1329.355835 406.760071 2 2
759.668396 1233.870972 1124.013184 1675.000854 2 2
867.977051 284.253479 983.737732 403.127380 2 2
1243.487671 179.679443 1322.046631 254.943573 2 2
1424.650391 159.481873 1508.799316 243.683838 2 2
1230.500366 431.845520 1360.434326 570.044373 2 2
1347.339478 85.080864 1420.383057 149.795715 2 2
1098.949585 48.033768 1154.830688 100.741364 2 2
1081.405029 125.287506 1169.021484 212.891571 2 2
1748.956177 1455.014771 2058.357422 1999.533813 2 2
1199.032593 17.788754 1243.654663 59.682709 2 2
1217.070068 82.320206 1282.482910 142.972290 2 2
1278.049927 0.000000 1322.958984 23.908308 2 2
1197.607788 4.271622 1239.954102 39.376255 2 2
1744.099976 1454.237061 2061.093994 2048.238525 5 2
1732.440918 1426.091675 2078.964844 2057.416016 7 2
3618.136963 224.521286 3840.000000 341.018005 29 2
1735.709839 1425.924561 2075.095703 2056.393799 67 2
