684.741028 856.257446 981.681030 1175.785645 2 213
849.805908 1138.612183 1226.735474 1560.810791 2 213
1233.774170 449.111237 1383.669800 617.680847 2 213
1817.685425 814.966675 2052.645264 1080.782959 2 213
862.603760 283.469696 984.782471 405.548615 2 213
1232.553711 162.451050 1318.211792 249.975693 2 213
1077.631470 63.349854 1149.484131 122.137863 2 213
1604.115845 427.528809 1749.072388 573.164062 2 213
1098.532715 6.382312 1157.693604 46.582657 2 213
1755.038086 758.407349 2060.000488 1084.617920 6 213
798.189514 339.475006 848.510193 460.625580 9 213
