1508.598877 271.265137 1618.805908 382.519104 2 31
1084.747070 768.016602 1303.651733 1014.472229 2 31
1407.807861 157.248672 1489.608154 242.283081 2 31
1256.412476 292.891022 1357.624634 398.977081 2 31
1072.460815 193.928940 1173.515991 307.866547 2 31
1183.842407 508.725220 1330.275269 659.588318 2 31
868.255920 284.404663 983.256042 399.534058 2 31
1239.927979 163.236801 1321.059570 243.010590 2 31
1309.275269 25.824335 1361.362793 75.039421 2 31
1095.243896 102.330544 1161.650757 153.327240 2 31
1193.003174 0.000000 1239.704590 26.648596 2 31
1215.123413 54.647652 1268.446655 106.089531 2 31
1215.134399 27.624319 1266.269409 72.374153 2 31
1101.840454 49.635368 1154.991577 96.678139 2 31
1063.765747 179.680695 1175.952637 316.105713 5 31
3625.258789 226.562332 3840.000000 340.311554 25 31
