1732.465454 752.753540 1959.879639 1038.918701 2 104
723.746887 1273.938843 1140.684937 1824.370361 2 104
1656.005127 471.389435 1807.528076 616.015076 2 104
1183.173828 680.445496 1369.830811 909.635437 2 104
1075.525635 290.702362 1176.343994 389.769501 2 104
1442.526855 188.567490 1534.616333 276.885681 2 104
864.936340 281.788330 985.462952 400.893616 2 104
1245.514893 162.803635 1325.175171 244.256958 2 104
1082.237549 165.573456 1166.276978 244.688065 2 104
1267.833496 255.942749 1347.059814 336.154388 2 104
1211.616211 69.888382 1278.683228 134.791718 2 104
1339.547119 55.930477 1402.826538 115.270149 2 104
1180.220947 0.000000 1229.731567 21.696165 2 104
885.267212 551.881775 1109.187500 836.787231 7 104
