1758.277588 1125.028564 2051.766357 1565.807739 2 131
1714.099609 626.313110 1898.033691 829.742188 2 131
655.132446 1436.723267 1138.627563 2063.106445 2 131
1521.409668 297.312561 1630.581909 395.956299 2 131
1035.961914 431.525208 1163.888794 563.723022 2 131
1249.955688 265.588409 1352.982544 356.715179 2 131
1074.460693 243.183395 1173.114868 343.192627 2 131
864.029480 283.738281 986.071289 402.189209 2 131
1282.818726 393.346222 1375.270508 512.578552 2 131
1220.329102 122.383911 1294.819214 194.186432 2 131
1384.796509 117.393028 1459.232788 187.326035 2 131
1189.398315 10.599689 1239.165283 55.400101 2 131
486.105225 911.296875 887.636169 1418.001831 7 131
3616.384033 230.884537 3840.000000 341.561249 25 131
