1726.578491 743.534851 1955.439453 1044.615356 2 104
1183.090576 684.928833 1373.718018 914.240051 2 104
1654.721802 469.906525 1805.328735 618.500916 2 104
720.911804 1287.199341 1140.078369 1809.623047 2 104
1077.638550 292.044281 1175.600708 387.907318 2 104
1441.387695 188.171982 1536.830444 272.951874 2 104
1244.298096 157.733444 1322.463501 238.717789 2 104
859.399963 282.285095 983.998230 405.864807 2 104
1210.689697 67.575241 1281.141602 131.732254 2 104
1269.173462 257.400513 1346.179077 334.341644 2 104
1078.679077 166.342377 1168.416504 242.282623 2 104
1336.966064 53.849426 1402.173584 115.918404 2 104
1179.359497 0.000000 1230.011719 22.248114 2 104
884.118896 548.090576 1111.406494 836.983154 7 104
3615.094482 229.437088 3838.862793 344.773621 25 104
