1498.443237 269.037323 1613.914795 383.351868 2 65
852.636169 1083.894165 1198.978149 1434.573120 2 65
1627.386353 444.357819 1775.093384 609.534729 2 65
1091.328979 171.681961 1168.746216 240.301193 2 65
1257.525879 320.677521 1367.477905 434.885651 2 65
866.326294 284.036499 984.644348 401.532990 2 65
1361.156860 83.896973 1429.927612 149.854538 2 65
1213.302979 545.068115 1373.107788 708.501648 2 65
1239.195435 132.455627 1303.531006 189.138443 2 65
1038.152100 312.250305 1184.077026 476.047974 2 65
1204.087036 14.325484 1261.588623 69.393997 2 65
1292.967041 2.242985 1339.912354 43.852097 2 65
1089.688843 82.521683 1154.071899 150.330948 2 65
1225.003540 76.205574 1287.549927 127.831871 2 65
1032.955933 312.546478 1187.103027 477.563416 7 65
