655.187622 1339.676392 1074.571045 1797.447388 2 51
1575.822021 371.764282 1706.957886 504.939392 2 51
1072.631226 759.766479 1288.458130 988.748291 2 51
1456.069824 216.563980 1552.974731 316.368805 2 51
862.869629 285.776581 984.512512 405.912994 2 51
1248.346924 436.281036 1371.289551 550.046753 2 51
1256.123657 240.089020 1347.689941 340.098694 2 51
1090.534546 135.558701 1164.222412 198.734879 2 51
1335.473755 55.554367 1403.531006 116.295258 2 51
1055.907715 253.524384 1178.653198 382.794312 2 51
1227.705078 102.380096 1285.548340 153.238098 2 51
1196.222168 1.602001 1250.543579 46.834541 2 51
1089.560791 79.057327 1156.997681 124.757416 2 51
1221.932861 57.041985 1282.356567 97.669769 2 51
1280.016357 0.000000 1327.548218 24.089354 2 51
3615.925537 226.001343 3840.000000 341.455292 25 51
