800.715515 773.802429 1045.569458 991.133240 2 168
1780.422363 903.379395 2019.195923 1230.237061 2 168
1038.693237 430.989746 1158.860229 554.148987 2 168
1661.454224 477.568451 1810.577148 609.435059 2 168
1239.206421 225.636276 1329.086426 323.834808 2 168
1469.500732 235.602600 1562.222778 323.573334 2 168
1199.351929 54.121052 1270.258423 120.331757 2 168
1163.616211 758.718872 1345.807007 986.607117 2 168
1238.121582 491.487427 1380.464111 617.731079 2 168
864.548828 282.183258 984.823120 404.338165 2 168
1094.874878 16.351147 1150.182983 58.543221 2 168
