1140.866943 716.396423 1359.535156 946.660950 2 192
1729.265503 640.833740 1946.200928 821.750854 2 192
929.617615 598.066040 1119.755493 790.074097 2 192
1800.146362 1297.817383 2116.226318 1804.525635 2 192
852.690430 281.088959 986.144653 403.943817 2 192
1541.433228 325.341553 1652.865234 447.198242 2 192
1246.433594 336.552979 1359.169922 452.890625 2 192
771.143372 1388.713501 1132.017578 1868.917114 2 192
1215.757080 105.207878 1295.956177 180.620941 2 192
292.091705 1224.544312 758.969299 1689.408325 2 192
1094.846436 41.146656 1149.121704 88.360970 2 192
