1036.367065 988.747742 1318.813232 1320.731201 2 118
1747.459473 915.454712 2018.243286 1268.800171 2 118
1059.740234 353.128479 1175.378906 472.033752 2 118
1685.440308 539.517395 1853.736206 726.440613 2 118
1249.864380 216.313690 1340.064575 296.726746 2 118
1079.018066 206.030487 1168.906616 291.459717 2 118
1215.236450 93.576157 1289.831543 165.379364 2 118
863.068542 283.781769 986.055298 403.365204 2 118
1277.812866 322.343781 1367.136719 414.972015 2 118
1183.160034 4.192429 1235.243286 36.485481 2 118
1480.539429 245.361664 1586.162720 329.487396 2 118
1360.610474 79.564529 1429.383911 149.100601 2 118
743.525452 702.790588 1010.129089 1061.850708 7 118
