1737.958374 1348.033813 2081.127441 1934.456055 2 142
1553.776001 344.042694 1681.593018 450.659027 2 142
1064.806030 285.872498 1176.298950 392.150787 2 142
986.031799 499.292755 1151.098877 654.969727 2 142
860.805847 282.123413 985.236694 406.438507 2 142
1248.743408 312.380646 1369.887329 417.551849 2 142
1193.725586 22.556360 1246.637329 71.100021 2 142
1408.143555 147.125000 1487.469727 220.830215 2 142
1223.312744 152.725403 1306.808838 227.889969 2 142
1277.498901 486.890350 1381.672852 605.769043 2 142
121.358749 1222.187256 695.598450 1918.033813 5 142
1731.943970 676.406189 1936.010864 923.031189 7 142
127.504883 1193.718750 696.375671 1860.248291 7 142
3614.595703 224.665131 3840.000000 343.548645 25 142
