1808.725464 748.542236 2010.427856 987.053101 2 206
986.928955 976.183411 1294.286499 1292.162842 2 206
792.355591 756.460144 1047.637573 994.519470 2 206
1591.362427 400.091034 1717.235840 534.746094 2 206
850.260803 282.959045 987.742615 402.576813 2 206
1231.672607 146.908600 1310.003052 226.602966 2 206
1241.733398 417.429169 1382.343994 551.853333 2 206
1083.671631 47.156406 1149.983276 110.451729 2 206
1104.981323 2.536754 1157.403320 42.098862 2 206
3.980427 1797.380981 346.229034 2148.241699 2 206
