1455.250488 206.957916 1559.882568 297.631958 2 15
1214.555664 366.976532 1331.844971 507.498291 2 15
858.678833 282.724548 986.144653 401.564362 2 15
1194.153931 558.074768 1357.354980 720.034302 2 15
1252.856812 217.001938 1338.236328 308.420776 2 15
1372.547363 119.635956 1453.245605 192.305252 2 15
1223.589844 113.517891 1302.356812 178.119034 2 15
1288.729858 1.757698 1341.921509 42.818409 2 15
1096.065918 72.234993 1157.583862 121.538536 2 15
1082.192505 178.732895 1171.087891 254.721664 2 15
1199.060791 23.259829 1250.720825 66.549965 2 15
336.627777 1934.010498 815.010376 2160.000000 2 15
1198.992188 5.189666 1247.675537 40.619083 2 15
1103.529663 33.077316 1148.228760 67.385674 2 15
1206.516235 47.497097 1247.460449 81.391403 2 15
