668.056885 1291.744751 1085.787964 1813.620483 2 72
1524.284912 301.227692 1646.582520 422.652710 2 72
1255.726929 366.367462 1377.550903 493.083771 2 72
861.430237 281.944885 984.996948 401.633118 2 72
1377.234741 100.564438 1447.883179 165.525040 2 72
1189.308472 637.517029 1360.846924 815.307129 2 72
1087.096802 183.833527 1166.485352 259.301147 2 72
1200.372314 27.338274 1264.610352 76.789223 2 72
1083.398438 105.156380 1159.157104 168.478989 2 72
1300.421997 3.320217 1349.493530 52.021690 2 72
1247.631958 158.776917 1309.716675 210.766739 2 72
1227.627075 82.368904 1299.611328 145.430832 2 72
1646.253174 493.926971 1808.735840 679.250305 5 72
1020.074585 351.691467 1183.389526 523.215515 5 72
