1752.222046 940.146729 2018.158569 1327.935303 2 121
959.816528 1032.780640 1281.003662 1453.974731 2 121
1053.145264 369.051697 1174.273438 488.183075 2 121
1216.445923 98.038780 1292.392334 169.246429 2 121
1489.700562 246.362442 1590.639282 347.785461 2 121
1248.004883 220.921204 1344.854248 307.407410 2 121
848.562378 283.987061 987.899963 402.430908 2 121
1696.506470 559.562744 1866.602783 743.993652 2 121
1366.833008 88.022057 1436.016479 158.791336 2 121
1074.539307 208.707718 1172.027344 301.173920 2 121
1278.832275 334.036438 1368.423218 435.018860 2 121
1179.764404 4.554405 1240.394287 44.775463 2 121
691.525146 735.644287 1006.923828 1137.754639 5 121
693.670227 734.695801 1011.044373 1136.522827 7 121
1696.891968 581.575806 1866.969482 754.555481 7 121
