1706.740601 614.541199 1880.318604 840.831848 2 88
1054.885498 849.100403 1304.161011 1162.678955 2 88
1590.212646 371.766235 1720.453979 516.815979 2 88
1231.400635 493.512024 1392.349365 655.364441 2 88
1256.578247 198.833649 1328.730103 270.139038 2 88
860.241028 283.099121 985.757996 405.245331 2 88
1086.014404 229.874481 1172.414062 318.477600 2 88
1405.528198 141.597168 1487.076904 213.155472 2 88
1237.668335 122.273476 1309.893188 191.266693 2 88
1204.258423 47.127224 1274.569092 101.441681 2 88
1081.561523 131.077194 1164.176392 202.195801 2 88
1316.369995 28.404692 1375.706177 81.491539 2 88
982.700806 420.171295 1162.288086 647.986755 5 88
