1686.737793 512.025208 1847.447998 672.649475 2 175
1489.694946 261.318390 1588.485840 358.776276 2 175
1797.655518 997.556152 2057.806152 1358.689697 2 175
1221.650635 540.258179 1385.579224 692.192871 2 175
1242.345703 252.485153 1341.407349 357.623840 2 175
700.614624 855.252991 967.783875 1159.553589 2 175
1013.347473 480.677795 1154.954834 615.954041 2 175
863.119568 282.591919 985.009521 403.387268 2 175
1203.086792 69.306618 1276.436035 135.475952 2 175
1098.651489 896.103149 1312.507080 1159.085938 2 175
1097.148560 28.473757 1151.101074 65.151154 2 175
