1724.945068 585.964905 1896.147095 750.441223 2 185
1808.304565 1176.175171 2087.318848 1603.876099 2 185
490.751129 1049.764526 872.355957 1419.862427 2 185
1245.560913 291.283600 1348.474243 413.747498 2 185
1185.657471 637.257019 1378.008423 829.013977 2 185
976.115417 548.724609 1128.888794 705.646667 2 185
945.490234 1131.653564 1234.198975 1487.892090 2 185
1521.592651 298.054718 1626.114990 412.774872 2 185
865.428528 281.599945 984.244141 403.468750 2 185
1211.026611 88.850319 1283.662109 161.282257 2 185
1092.980591 32.347298 1149.295654 78.027870 2 185
3618.033447 227.483124 3840.000000 343.689850 25 185
