1145.934082 692.760193 1357.030151 919.192749 2 78
1546.121704 321.468414 1675.482666 450.294312 2 78
398.139679 1625.189575 961.708313 2144.742676 2 78
1253.588379 164.800400 1317.943115 227.799896 2 78
1304.337524 14.586696 1361.701294 64.299942 2 78
861.926575 283.667542 985.007324 405.059387 2 78
1253.141724 424.122375 1381.841919 551.108093 2 78
1668.134033 538.939575 1836.532227 731.658264 2 78
1009.028259 380.693634 1178.683228 565.706848 2 78
1385.550659 115.690552 1460.163574 188.731262 2 78
1088.390503 203.159622 1171.828979 283.698120 2 78
1203.833130 26.758230 1266.328369 86.119186 2 78
1085.778564 112.209717 1161.156006 178.072922 2 78
1231.086060 102.000099 1302.472778 163.700165 2 78
1672.014282 537.010559 1835.537720 734.072327 5 78
