1714.286377 665.139526 1910.811646 931.266357 2 95
938.385986 1051.293213 1256.281006 1379.320190 2 95
1616.659302 412.860352 1755.026611 559.859680 2 95
1224.500732 561.059631 1394.192139 747.164551 2 95
867.253967 284.049225 984.179382 404.213318 2 95
1081.586426 257.371216 1172.241089 349.574646 2 95
1423.845581 164.407867 1505.662354 243.718628 2 95
1261.917236 225.623230 1340.700928 295.212677 2 95
1239.466309 139.904358 1315.962036 211.964600 2 95
1326.276611 46.643139 1388.505737 94.870369 2 95
1082.453857 144.642334 1164.825439 226.603760 2 95
1210.784790 54.581219 1275.799927 115.024216 2 95
949.419739 495.305298 1140.691406 719.944580 5 95
