928.670593 607.948364 1121.184082 782.067932 2 154
1603.716797 402.500488 1742.144531 524.050476 2 154
1760.434204 776.931824 1973.233521 1046.452759 2 154
1052.899902 343.291046 1176.093872 459.452454 2 154
1250.443604 380.657135 1372.407104 497.575684 2 154
1438.537720 179.289200 1520.614258 265.371887 2 154
860.863953 284.393097 984.609802 405.390350 2 154
1231.781982 180.942978 1317.304443 268.803619 2 154
1245.014160 585.623230 1380.961182 740.389221 2 154
1195.622559 33.867302 1257.905029 97.341377 2 154
0.000000 1704.544556 357.481537 2157.144043 2 154
1254.122681 571.436096 1389.327271 739.788940 7 154
1697.080933 1724.998291 2093.988770 2151.834961 56 154
