1233.865479 529.322083 1386.575684 676.443848 2 173
1236.550171 240.495514 1335.042603 351.209534 2 173
1780.958374 970.520752 2048.420410 1333.541992 2 173
1123.475952 846.639832 1324.930176 1102.972778 2 173
722.311157 833.928650 1004.016785 1100.092163 2 173
1681.252075 497.255157 1835.496216 650.590149 2 173
1022.250305 461.991333 1161.788086 597.821472 2 173
867.009644 281.826416 984.363037 403.820679 2 173
1203.527466 66.163101 1272.619141 132.566635 2 173
1485.418457 253.533768 1582.424683 352.316406 2 173
1094.490967 23.866365 1150.133179 63.207031 2 173
