854.526489 282.924377 987.050110 402.520172 2 65
842.689941 1078.559570 1202.790405 1439.257202 2 65
1494.352417 264.338837 1616.410645 384.361237 2 65
1632.866943 445.459747 1768.140015 611.510803 2 65
1257.939453 316.799896 1369.255371 434.933594 2 65
1094.380737 167.775757 1169.367676 239.948837 2 65
1209.921021 540.528809 1375.218994 705.274048 2 65
1361.146118 85.030739 1431.774658 146.738312 2 65
1241.015137 134.224655 1304.507812 189.652512 2 65
1039.313232 305.784851 1182.795288 476.501160 2 65
1091.380005 105.925194 1156.438965 150.460159 2 65
1292.416504 3.302593 1341.354126 43.706985 2 65
1201.233887 15.963477 1262.082764 67.574387 2 65
1224.960449 79.676392 1284.746582 126.609070 2 65
