1758.553223 1008.041992 2032.067749 1412.117798 2 125
854.969543 1161.750122 1239.491943 1653.727539 2 125
1497.887329 270.807709 1613.561523 367.687195 2 125
1702.882812 605.101868 1881.522339 778.101257 2 125
1219.425049 107.076813 1295.746094 182.306885 2 125
1277.802002 360.784576 1371.851196 461.891541 2 125
1250.628540 239.880737 1348.133057 326.887634 2 125
1372.513306 94.835007 1441.772705 164.222824 2 125
1181.032471 3.065071 1240.861694 47.243954 2 125
849.985779 282.988220 987.753235 400.999481 2 125
1075.545776 233.130676 1172.353149 317.244751 2 125
1043.889771 389.380981 1168.838867 516.260681 2 125
618.898621 789.687927 975.934021 1239.216309 5 125
