1511.146362 281.870941 1625.933350 400.076965 2 68
1635.702637 465.133514 1796.837158 632.880127 2 68
791.535583 1171.667847 1156.386963 1576.051636 2 68
1202.708496 590.128662 1367.573242 750.048584 2 68
1257.028198 341.006348 1372.520142 456.509491 2 68
865.153442 282.849182 983.749512 403.872955 2 68
1370.912598 90.448486 1436.893066 157.734482 2 68
1088.349487 179.327988 1165.359741 247.090744 2 68
1037.169067 319.977936 1180.022217 492.555969 2 68
1204.562500 19.515951 1260.134033 69.494820 2 68
1082.931885 109.253593 1158.047241 158.255524 2 68
1243.927002 136.588318 1305.317017 195.386459 2 68
1299.203857 4.320889 1345.887695 46.894852 2 68
1224.470947 78.392082 1287.307007 134.366104 2 68
