1550.856567 340.537018 1678.914062 451.407837 2 44
1133.534546 658.237366 1320.030518 848.149292 2 44
859.076721 1072.276367 1206.963257 1414.030273 2 44
1252.987305 371.645020 1367.594238 489.684204 2 44
864.647644 285.237793 983.489990 404.842499 2 44
1439.647461 196.297516 1528.634399 290.062164 2 44
1325.739380 46.344791 1391.163818 99.938271 2 44
1055.196533 250.431503 1179.269409 362.163818 2 44
1252.474609 216.998169 1338.663330 305.853058 2 44
1193.536377 1.292553 1246.416382 38.881241 2 44
1091.168945 57.667347 1154.196777 111.487991 2 44
1091.252686 129.339401 1163.862915 184.438812 2 44
1219.641602 84.641701 1282.421265 136.709625 2 44
1216.675415 45.544735 1275.827515 91.961853 2 44
1054.443970 213.438141 1172.495239 364.212433 5 44
3620.140625 224.167664 3840.000000 341.881592 25 44
