1497.354370 259.953918 1605.853760 358.895386 2 28
1109.884644 711.659424 1316.443970 947.455078 2 28
1196.524536 477.108734 1334.032471 626.929504 2 28
1302.879272 21.037615 1362.931641 67.770706 2 28
863.127258 283.491760 985.957581 402.447845 2 28
1257.735596 289.515472 1355.195312 380.293457 2 28
1070.119019 192.040894 1176.816162 297.876312 2 28
1402.028564 150.527786 1483.459473 230.297455 2 28
1237.421997 154.129822 1316.870117 226.202423 2 28
1210.092041 51.030632 1267.354126 102.825218 2 28
1095.602417 95.751564 1158.392456 150.454544 2 28
1217.241577 27.646864 1264.028198 68.407402 2 28
1097.137939 38.978001 1153.362061 89.089157 2 28
1191.672729 0.000000 1237.214966 22.709940 2 28
3619.638916 223.846878 3840.000000 340.585083 25 28
