1169.519531 626.195129 1360.838135 870.296692 2 233
1857.376465 1096.817017 2152.551514 1495.963989 2 233
1250.309204 237.904114 1348.325317 344.457306 2 233
853.809692 283.109314 986.291504 402.027618 2 233
1677.228638 565.369019 1838.826538 732.739502 2 233
127.836189 1313.899780 697.072388 1888.942871 2 233
1091.728516 29.400499 1164.285278 71.869293 2 233
1078.841064 46.641365 1156.145264 161.192657 2 233
1677.940063 583.398621 1839.915161 743.467102 7 233
3620.671143 219.720139 3837.990723 343.150604 25 233
