1232.061646 529.018677 1389.123535 677.077515 2 173
725.431213 832.540710 1002.617859 1100.099243 2 173
1237.479980 241.869492 1335.040161 351.296509 2 173
1781.226562 974.487915 2047.015869 1331.558228 2 173
1023.155090 461.643433 1161.280273 599.866516 2 173
1682.246704 499.514435 1835.249023 650.811035 2 173
866.984253 283.254089 983.479919 403.852356 2 173
1202.756958 66.047859 1273.180420 133.686783 2 173
1486.707520 255.017273 1581.734863 352.155396 2 173
1120.480957 847.547119 1331.088501 1099.355347 2 173
1096.370972 27.946299 1149.775757 63.669487 2 173
3613.238770 231.519913 3840.000000 340.767273 29 173
