863.535217 284.562012 984.513428 405.006042 2 345
1295.857544 19.873350 1353.786011 63.401180 2 345
1343.421387 79.414093 1420.736572 146.487228 2 345
1081.104492 215.109207 1209.812378 341.207764 2 345
1198.255615 125.333626 1278.151001 196.423401 2 345
1090.865234 34.709244 1150.101440 91.836426 2 345
941.540222 479.675995 1143.938110 711.869080 2 345
1240.900391 1.609154 1283.788818 27.813147 2 345
957.153442 493.884186 1134.406128 730.221375 5 345
1068.898193 171.708282 1206.139771 342.670410 7 345
801.368591 337.554108 849.005798 464.439087 9 345
