851.882141 280.985504 986.688354 401.805145 2 321
1036.163696 352.808167 1168.093018 515.440613 2 321
1279.713013 2.716713 1323.841187 30.749128 2 321
319.507355 1635.902344 903.937988 2145.641357 2 321
1316.170776 33.963375 1379.559326 99.831673 2 321
1159.812378 65.353371 1232.586304 127.613747 2 321
1138.425171 23.708723 3516.210205 2160.000000 6 321
1067.278809 89.332344 1195.995361 248.168320 7 321
1294.928223 0.000000 3616.624512 2160.000000 13 321
1496.392456 0.000000 3646.438965 2160.000000 38 321
