1748.248047 895.467834 2008.128784 1244.996094 2 117
1043.843750 931.319092 1312.671631 1283.513916 2 117
1059.494507 347.119995 1174.100464 459.486542 2 117
1685.060059 533.894775 1852.642700 723.447815 2 117
1475.334229 238.759903 1574.955322 326.099152 2 117
1079.547729 203.887589 1168.238281 287.477509 2 117
1214.517334 92.542816 1287.015015 161.241180 2 117
1182.546631 2.062798 1233.184937 34.870491 2 117
863.779663 283.657471 985.643311 402.037903 2 117
1279.785400 320.568207 1365.027832 409.124207 2 117
1252.965332 209.359695 1336.873169 294.471008 2 117
1357.972168 80.491096 1426.728882 143.366425 2 117
747.460449 690.439209 1022.804565 1041.352539 5 117
744.550232 695.147766 1032.421387 1042.352295 7 117
