931.385010 516.448730 1120.540771 792.861084 2 349
1297.561768 26.051844 1356.986572 68.217598 2 349
860.924438 286.998596 982.908936 405.939087 2 349
1072.773804 188.620255 1212.939941 356.162445 2 349
1348.766968 80.286423 1425.522949 153.234894 2 349
1205.559692 137.670364 1286.376953 210.841354 2 349
1092.954346 40.121838 1150.514404 96.495544 2 349
1235.359375 1.316299 1276.992554 33.748741 2 349
903.445740 506.970154 1129.518311 775.056885 5 349
1073.233398 125.512611 1188.260986 314.325684 7 349
