1125.014404 800.999512 1356.745483 1095.203857 2 111
1742.824097 827.242554 1988.801147 1141.470459 2 111
1663.317993 498.037018 1825.858887 672.972778 2 111
430.604553 1636.980713 988.940125 2147.827881 2 111
1069.777954 318.700775 1175.317871 424.259705 2 111
865.984314 283.341980 985.208862 403.411530 2 111
1275.868774 296.051208 1358.271973 373.763916 2 111
1214.163818 80.972092 1284.227539 147.066864 2 111
1463.262695 212.817871 1557.286865 305.864288 2 111
1250.778809 189.478333 1333.886963 267.475311 2 111
1079.793091 188.706421 1165.192383 268.637238 2 111
1183.609985 0.704212 1231.852905 30.388926 2 111
1348.153198 65.974503 1416.652954 129.453964 2 111
823.862305 622.805542 1074.981323 928.292236 5 111
814.378601 643.000671 1085.958252 928.645874 7 111
