1847.401001 1027.933105 2137.270996 1388.285645 2 229
1250.478027 225.899612 1345.340576 322.833801 2 229
1189.058838 592.669678 1372.829346 796.998657 2 229
863.568359 284.096008 984.840515 400.867401 2 229
1663.826050 534.703857 1826.954956 697.642334 2 229
417.300568 1802.063965 929.233215 2148.917969 2 229
301.911835 1183.571533 775.145691 1674.441528 2 229
1077.423828 68.148994 1152.516357 155.979645 2 229
1090.730225 23.726404 1161.106445 64.994255 2 229
3613.496826 226.387238 3840.000000 344.091309 25 229
