1469.158813 214.655106 1565.308838 313.816772 2 18
1209.558228 391.270264 1333.371216 524.111938 2 18
853.292236 282.989716 985.717224 400.839813 2 18
1254.184937 239.931442 1343.699097 326.499359 2 18
1376.035400 126.895401 1459.172119 196.221649 2 18
1186.194214 594.265930 1341.031372 759.850220 2 18
1226.154297 124.486649 1304.819092 189.793503 2 18
1094.121094 73.888603 1159.607666 126.581032 2 18
1294.130127 5.564861 1350.221436 49.095665 2 18
1211.158081 45.090118 1256.290527 84.557701 2 18
1079.510986 172.513153 1173.966553 261.293213 2 18
1201.215698 21.646555 1249.130493 65.696121 2 18
1203.518799 572.228699 1341.359863 669.589294 2 18
1078.602661 141.600830 1172.611206 259.408142 5 18
1127.878052 0.000000 3523.678223 2160.000000 6 18
3620.639160 220.560364 3840.000000 338.918365 25 18
