1501.321411 3.826904 3643.323486 2160.000000 0 77
1542.708984 319.643433 1672.015991 452.496490 2 77
431.442200 1563.171021 992.812012 2140.629883 2 77
1153.201538 698.275879 1359.177734 896.096130 2 77
852.681213 281.872314 988.097046 403.069580 2 77
1252.854614 160.601227 1318.953613 223.676254 2 77
1384.177979 112.207771 1460.204224 182.381958 2 77
1088.847290 193.476089 1169.331909 277.339783 2 77
1303.669556 13.583621 1359.581543 63.578735 2 77
1006.406799 378.921295 1180.713989 554.937378 2 77
1251.437378 402.331329 1378.271973 535.714478 2 77
1201.942749 24.363268 1267.362549 84.303757 2 77
1227.968384 97.711365 1301.522339 159.870636 2 77
1084.918457 111.713730 1160.875854 174.158691 2 77
1667.222168 535.630188 1831.711914 723.456543 5 77
1332.547974 28.864058 3595.833252 2160.000000 13 77
