1684.814331 513.552429 1848.038452 674.806763 2 175
1797.501953 1002.218262 2056.976074 1358.727661 2 175
1224.653198 539.877625 1384.727661 692.711182 2 175
1489.495728 262.202667 1589.127075 359.849823 2 175
1099.894897 893.268860 1313.896240 1159.705566 2 175
1241.494507 254.752686 1342.187866 357.128784 2 175
708.085205 859.038696 987.103577 1152.911377 2 175
864.160522 284.047394 984.576599 402.395294 2 175
1205.190674 69.658981 1275.871582 135.339767 2 175
1010.310120 480.378998 1157.935913 615.029053 2 175
1096.355469 29.297731 1152.337646 65.449959 2 175
