1758.545532 1009.157043 2031.059814 1411.835327 2 125
851.255127 1161.999146 1240.017700 1651.810425 2 125
1498.401245 271.402924 1612.675537 368.230927 2 125
1704.186035 604.979492 1881.224976 777.703613 2 125
1219.333374 106.964142 1295.426025 182.055008 2 125
1250.420166 238.208984 1348.938232 327.512726 2 125
1278.283081 361.345917 1371.798340 462.401825 2 125
1372.983765 95.081345 1441.460205 164.379257 2 125
1181.229004 3.053913 1240.656616 47.313934 2 125
850.950562 282.564331 987.729797 401.291290 2 125
1076.640259 232.751068 1172.283325 317.855743 2 125
1044.384888 388.794342 1168.429199 516.447693 2 125
633.594604 796.277588 960.833557 1222.427612 5 125
620.200439 785.978699 974.671631 1239.777954 7 125
