1494.031128 257.686371 1603.249878 369.421906 2 62
929.939514 999.048584 1217.786377 1309.024170 2 62
860.663818 280.935852 986.136169 404.992554 2 62
1219.171631 505.455750 1370.580444 669.038269 2 62
1249.423096 296.844055 1368.233398 406.534058 2 62
1614.497803 427.291931 1759.199707 584.751892 2 62
1088.479858 160.613129 1166.905151 229.557602 2 62
1239.557129 128.381653 1299.202637 181.655029 2 62
1357.494507 74.564087 1422.943359 136.560623 2 62
1041.329346 304.618011 1177.267456 451.442963 2 62
1289.871582 5.500545 1336.229980 39.138275 2 62
1090.644165 103.588081 1156.509277 143.563843 2 62
1200.218506 14.949187 1263.646973 63.911930 2 62
1221.204346 76.910301 1287.639771 123.842003 2 62
1605.755859 421.942261 1747.986816 582.698364 5 62
