1778.677856 852.052551 2001.813477 1145.858154 2 162
865.705933 687.654053 1076.618896 898.145203 2 162
1635.769653 428.638336 1780.280640 575.610901 2 162
1041.176880 390.578125 1169.160522 516.910828 2 162
856.376709 281.444092 986.215942 403.910950 2 162
1246.644897 433.543945 1372.197632 564.000183 2 162
1234.333374 209.753021 1325.641846 296.537445 2 162
1448.550903 207.677872 1545.678833 294.645416 2 162
1196.998047 44.614788 1269.325439 106.503860 2 162
1210.223755 667.525024 1362.970947 868.536377 7 162
