1746.452881 1222.895630 2072.643311 1701.664307 2 136
1725.309937 651.131958 1919.286865 868.603088 2 136
526.397827 1705.430786 992.279846 2159.758301 2 136
1534.218262 318.788666 1658.435181 420.670593 2 136
1071.436401 262.330719 1173.079712 365.485718 2 136
1222.182495 138.559677 1303.248535 213.471558 2 136
1280.483398 430.682800 1379.718262 550.426025 2 136
1252.102661 292.830139 1361.313843 381.569702 2 136
863.915283 284.604370 985.585022 406.266510 2 136
1191.160645 16.814232 1246.290283 62.027088 2 136
1015.236938 459.648712 1159.217285 603.363586 2 136
1394.067993 127.782890 1471.729980 198.154434 2 136
330.657898 1029.086060 829.956055 1625.662964 7 136
