791.134583 770.822388 1042.311279 1018.724487 2 169
1786.395386 927.775208 2025.839844 1251.584351 2 169
1032.354492 434.372833 1162.326416 569.933167 2 169
1237.826782 231.672348 1330.564697 328.108948 2 169
1164.005005 771.903931 1344.007202 1009.252808 2 169
1468.398071 235.240158 1567.206421 328.717560 2 169
1198.567505 55.244175 1271.597900 120.307495 2 169
850.384338 283.105652 987.788940 402.829834 2 169
1225.562744 487.908081 1384.449097 622.585571 2 169
1653.152954 487.736511 1816.774170 620.561218 2 169
1097.649902 16.451740 1146.736206 60.303093 2 169
1663.206787 480.337585 1810.590332 619.723877 7 169
