1744.910522 1191.536377 2077.111816 1664.602173 2 135
1724.761475 642.927124 1912.133667 859.729431 2 135
530.150024 1650.515869 1056.406738 2157.271973 2 135
1531.499268 314.399384 1655.375366 418.607697 2 135
1072.977905 260.284058 1174.386719 362.209045 2 135
1021.005798 459.448090 1158.004761 587.259155 2 135
865.814331 285.060181 984.560669 403.919647 2 135
1252.935425 273.600983 1358.531860 377.873810 2 135
1222.252686 135.678741 1302.841919 209.434998 2 135
1189.171021 16.014919 1245.583862 60.027405 2 135
1280.627808 426.332123 1380.168091 544.056763 2 135
1390.885620 124.298508 1470.467163 195.759079 2 135
394.118530 999.366028 818.282349 1558.894165 5 135
375.173767 1012.210205 812.571960 1549.767090 7 135
