980.493225 540.155518 1143.323853 686.635071 2 146
1759.798706 729.216248 1947.512817 962.455078 2 146
1736.626709 1427.564575 2071.360352 2135.208984 2 146
858.767212 281.722961 984.159790 408.044220 2 146
1227.731812 160.524323 1309.555542 240.104477 2 146
1246.439819 325.285919 1369.480347 442.191681 2 146
1062.456055 310.725616 1175.295654 418.114227 2 146
1413.630737 153.074905 1498.792603 235.158569 2 146
1195.426758 20.190809 1250.027466 81.431801 2 146
1260.656494 499.550140 1387.677246 652.992737 2 146
6.810979 1332.849365 600.700256 2084.395996 5 146
1731.438599 1496.868530 2074.241455 2133.062988 5 146
1751.616455 705.605835 1949.177124 961.699829 7 146
1572.254272 363.112305 1699.865967 480.847748 7 146
3.157711 1287.265747 606.052490 2023.941040 7 146
3612.089355 229.259705 3840.000000 341.460785 25 146
