923.791321 1161.905029 1216.809937 1544.421997 2 186
1810.240723 1190.791748 2088.674561 1629.985352 2 186
464.147034 1070.661621 865.011353 1453.057861 2 186
1726.539307 592.516357 1898.972412 761.190125 2 186
967.647095 553.925354 1132.241821 717.772705 2 186
1244.832886 291.374359 1349.665771 417.144684 2 186
1176.236694 653.583923 1369.106567 844.203125 2 186
1520.585327 310.720703 1632.293823 415.462524 2 186
854.497803 283.347565 987.125854 401.222168 2 186
1210.369629 93.063805 1286.973877 160.918564 2 186
1092.857422 30.193918 1152.212891 79.970566 2 186
1701.004395 595.717102 1892.518799 754.536194 7 186
