1733.615601 639.780457 1945.324707 821.288513 2 192
929.114380 603.624207 1120.637207 791.154602 2 192
1810.316528 1317.080078 2119.875000 1828.889160 2 192
1142.126587 713.821045 1359.485840 950.185486 2 192
1539.312622 335.341522 1657.346802 451.045166 2 192
864.312012 282.381226 984.104309 403.642151 2 192
774.494690 1386.020386 1129.757935 1866.144897 2 192
1245.623901 331.877716 1358.718262 454.119385 2 192
1217.402344 109.048111 1293.374878 177.776749 2 192
284.116394 1220.517822 752.525757 1691.426147 2 192
1092.372192 36.015415 1147.939575 90.601669 2 192
800.358704 336.335876 850.327759 462.505402 9 192
3617.503662 225.052856 3840.000000 344.183777 25 192
