1469.091675 215.133240 1566.570190 312.427704 2 18
862.206421 283.910736 984.584961 403.531006 2 18
1187.652222 595.291992 1341.679810 763.063721 2 18
1207.490723 388.917480 1332.980713 526.539551 2 18
1226.871948 122.694504 1305.979248 190.941116 2 18
1253.964478 238.966705 1343.671631 326.699615 2 18
1374.658325 126.084816 1458.290283 195.628036 2 18
1078.908569 175.680756 1174.976440 259.863953 2 18
1094.166382 73.756996 1158.494019 126.411545 2 18
1291.869385 3.837604 1342.301025 47.169395 2 18
1200.509277 20.905664 1251.271240 73.826118 2 18
1210.979126 45.081936 1255.059082 84.608109 2 18
1099.226440 32.917442 1151.065674 70.295677 2 18
3620.477295 226.591858 3840.000000 341.623047 29 18
