1494.897827 255.673126 1602.580078 354.059357 2 27
866.658997 282.613678 984.414185 403.317474 2 27
1301.567627 17.727985 1361.831055 65.099312 2 27
1122.606567 706.154358 1326.421387 920.248352 2 27
1255.049805 272.114288 1357.109375 372.190125 2 27
1201.437622 471.352142 1333.230835 621.305176 2 27
1071.339844 195.439438 1176.594849 295.134186 2 27
1397.357788 145.577194 1478.768066 226.508896 2 27
1234.941406 154.690231 1314.135010 222.852158 2 27
1211.091187 50.436111 1265.176392 99.295975 2 27
1095.401123 95.036369 1161.211792 150.161240 2 27
1213.605225 26.465891 1262.595581 70.670296 2 27
1193.029907 0.000000 1235.579956 22.489012 2 27
1101.020752 38.672329 1153.984741 89.265282 2 27
