1150.354980 694.125427 1356.181519 918.959290 2 78
1546.841187 322.466919 1677.138794 451.170807 2 78
396.960022 1615.405396 953.158447 2147.185303 2 78
1254.512817 165.286316 1318.429199 228.407806 2 78
1303.609985 15.626792 1362.345581 63.014370 2 78
861.736267 283.794464 985.592712 404.285400 2 78
1255.388916 421.556274 1381.227173 551.508057 2 78
1666.976929 540.678467 1835.468750 731.546021 2 78
1384.467896 115.480896 1461.449585 188.968155 2 78
1008.322388 380.555054 1178.547119 566.161072 2 78
1084.222656 192.514099 1172.900879 279.935760 2 78
1083.946167 114.859764 1161.882568 177.999786 2 78
1201.322632 27.025793 1269.775024 85.171158 2 78
1230.816040 101.100822 1301.863403 164.310593 2 78
1670.722656 539.079163 1834.413208 734.630798 5 78
