1468.817505 214.016403 1563.047729 311.093872 2 17
867.524475 284.447021 983.785828 400.814636 2 17
1213.473145 389.601257 1334.070801 517.925476 2 17
1189.747192 580.161194 1345.140259 751.729614 2 17
1223.829224 122.944672 1303.117065 187.853500 2 17
1255.184082 231.437408 1342.034668 322.596008 2 17
1372.890137 122.161781 1456.637085 195.471481 2 17
1076.860107 147.097198 1171.465698 257.294647 2 17
1095.758545 73.064003 1159.379883 124.623520 2 17
1292.639526 4.112091 1340.782104 46.236874 2 17
1200.395874 18.570269 1252.528564 76.039177 2 17
1101.052246 34.172058 1149.761719 69.981995 2 17
1208.059692 45.220467 1247.628052 84.537903 2 17
