1539.581177 315.640503 1657.535400 443.118988 2 75
1174.447632 654.236938 1356.675781 857.951172 2 75
1256.392944 396.754059 1378.279663 520.552124 2 75
1660.514893 517.472717 1829.049194 709.000610 2 75
535.671753 1435.180176 1032.566040 2020.079834 2 75
1378.896973 114.270737 1454.663696 178.567993 2 75
864.804077 284.509277 984.604858 401.895874 2 75
1089.954956 192.317154 1172.939209 272.537262 2 75
1300.696045 8.232708 1355.420288 59.800468 2 75
1198.861450 26.528261 1269.167847 82.175613 2 75
1082.340576 107.613365 1160.381958 173.676666 2 75
1247.763672 155.152115 1313.730591 221.669525 2 75
1229.185547 95.500366 1299.787598 154.875748 2 75
1018.036499 363.570190 1180.804443 539.971252 7 75
