1755.182739 754.753357 1955.429443 1004.767395 2 151
1592.187744 387.082306 1726.432251 505.476929 2 151
951.053467 583.270569 1122.047485 743.299438 2 151
1058.351807 319.744598 1179.254517 444.447876 2 151
1232.198975 173.756088 1313.613892 258.889832 2 151
853.831299 283.376984 984.417053 406.328186 2 151
1250.217896 375.785278 1377.147217 477.782806 2 151
1248.135742 553.029175 1379.712158 704.908997 2 151
1434.019653 172.024826 1513.879761 256.050110 2 151
1195.322632 26.747988 1257.677124 86.277176 2 151
1695.513062 1598.548828 2087.392090 2160.000000 8 151
3613.976318 228.073532 3840.000000 341.019836 25 151
