657.307861 1336.939941 1086.181885 1796.478271 2 51
1075.880859 764.007202 1295.822754 989.569763 2 51
1575.315308 370.444672 1706.719360 508.652191 2 51
1456.995850 217.668335 1550.547729 317.239471 2 51
1245.754883 434.276703 1372.476440 549.977173 2 51
1256.500610 244.030716 1346.233887 345.471832 2 51
862.543152 285.492889 984.245056 402.849762 2 51
1194.921265 1.427593 1250.979004 48.544861 2 51
1091.357788 136.005020 1164.349365 200.986160 2 51
1227.730713 100.018951 1287.931641 154.577286 2 51
1055.713257 255.577911 1177.082275 382.972839 2 51
1090.467529 71.898308 1155.218140 125.016853 2 51
1335.633545 54.412647 1404.144287 119.366333 2 51
1220.551147 54.785896 1284.802856 101.019455 2 51
1278.336060 0.000000 1325.291138 23.447626 2 51
1050.258423 245.637238 1176.855957 390.800049 5 51
