1295.402954 24.540937 1357.783691 66.621666 2 348
861.786072 285.862640 983.193604 405.453156 2 348
1347.850342 80.973122 1424.410156 151.753571 2 348
1073.609619 181.461060 1212.913208 351.946899 2 348
1093.302734 38.250328 1150.843872 94.177032 2 348
1203.372070 132.389481 1286.530029 206.496841 2 348
1234.181763 0.000000 1279.241455 30.999125 2 348
904.321045 525.475586 1127.182983 764.611755 2 348
939.357971 521.012878 1124.078735 770.314148 5 348
1066.926147 169.853882 1207.456543 352.036255 7 348
