1487.013306 240.829117 1589.818115 345.442535 2 24
1143.550903 662.383789 1340.152344 860.575500 2 24
1256.016357 257.019745 1351.163940 358.886597 2 24
1199.769897 435.736877 1334.322388 585.285950 2 24
856.783813 283.600494 986.042358 402.474609 2 24
1298.257568 10.225295 1354.835083 61.377407 2 24
1390.925659 136.945724 1474.041504 215.304321 2 24
1074.932983 178.447021 1174.602051 282.693329 2 24
1231.923340 136.092789 1309.905884 209.650146 2 24
1094.490234 85.446274 1157.307983 142.784607 2 24
1211.937134 50.249229 1259.769531 92.929970 2 24
1214.813477 23.653162 1260.678467 64.004570 2 24
1097.986328 34.335308 1151.105835 79.444595 2 24
1193.736084 0.209599 1234.869141 23.932398 2 24
