855.682373 695.349976 1076.728394 918.645935 2 163
1775.156128 861.322571 2006.656372 1154.674072 2 163
1633.912231 436.674713 1787.860474 581.088623 2 163
1237.245239 208.959259 1325.849243 302.246002 2 163
1044.529053 394.456299 1168.051636 520.320007 2 163
863.749390 284.966797 983.971313 405.804504 2 163
1458.359009 211.003754 1552.409058 301.084778 2 163
1199.236694 44.523293 1266.610107 107.355705 2 163
1247.301392 461.748138 1380.516968 573.535156 2 163
1204.370605 687.467590 1362.822388 889.112976 2 163
3614.157471 222.460434 3840.000000 342.401825 25 163
