1815.079468 779.779785 2035.368896 1041.258667 2 210
1237.833130 431.279053 1383.958496 590.781982 2 210
1232.609375 157.640869 1316.152832 240.968735 2 210
1601.876343 424.702820 1737.202759 552.028870 2 210
746.210815 797.932495 1002.747192 1105.065430 2 210
908.217041 1047.239868 1265.182495 1431.654663 2 210
863.916748 284.004364 984.363403 402.068909 2 210
1085.191040 49.123360 1147.850708 119.259964 2 210
1099.086182 4.926109 1157.775879 42.000614 2 210
1763.243042 1918.181885 2150.696045 2140.850098 2 210
