1753.725220 726.542114 1948.028809 976.324463 2 147
1576.847656 370.698822 1707.243042 481.944550 2 147
975.925903 549.649536 1141.670410 697.808411 2 147
1225.185791 164.175095 1309.875488 244.705566 2 147
1730.209961 1483.521362 2077.762695 2141.446289 2 147
1058.181396 316.282410 1177.949585 421.898315 2 147
1416.218018 161.654083 1500.863892 240.719711 2 147
1264.193970 511.526154 1384.056396 664.957764 2 147
854.696899 284.891388 985.249023 404.860260 2 147
1247.559692 350.757507 1372.845093 447.062500 2 147
1195.363770 18.817003 1250.705200 82.398773 2 147
1734.872070 1526.865112 2073.522705 2110.510986 5 147
0.000000 1373.468140 591.455139 2137.513184 7 147
