866.401733 281.989838 983.197937 404.891388 2 320
355.602936 1562.716919 925.441772 2159.102051 2 320
1315.098633 41.051041 1379.654053 100.315414 2 320
1278.301147 1.284313 1325.085205 29.931391 2 320
1164.162354 63.729626 1228.048706 122.232048 2 320
1045.252808 369.478333 1163.221069 502.508331 2 320
1094.049927 137.127106 1195.017578 249.702637 2 320
1077.654053 98.361794 1193.644653 242.851395 7 320
1039.026123 350.204865 1168.440186 506.839691 7 320
3616.546631 230.396103 3840.000000 339.966858 25 320
