629.035583 1353.348022 1068.551270 1843.730957 2 52
1461.522827 226.518845 1558.071411 322.272461 2 52
1246.441772 433.785065 1370.820068 561.514404 2 52
1578.981934 369.605347 1712.487061 505.618378 2 52
866.588501 283.859711 982.528442 402.265289 2 52
1061.751953 794.229431 1280.292725 1025.553833 2 52
1255.901367 245.958588 1349.266846 345.797760 2 52
1092.058716 138.889847 1165.132202 203.739838 2 52
1195.322998 2.655487 1248.870605 48.501087 2 52
1052.604980 248.871216 1179.689819 398.973297 2 52
1087.283936 72.770805 1157.109131 126.407082 2 52
1228.102539 100.018555 1287.202759 156.814606 2 52
1220.850586 56.272312 1285.441284 101.080505 2 52
1337.514404 54.821316 1407.805176 118.479187 2 52
1280.479736 0.000000 1326.168213 23.668440 2 52
