1037.864624 590.736450 1078.003174 629.594360 0 98
1719.691406 692.844971 1938.182739 958.640625 2 98
869.209229 1081.137939 1234.208130 1499.228149 2 98
1628.809692 430.164398 1765.282715 580.829529 2 98
1080.217285 265.909760 1175.471191 360.800507 2 98
1214.313721 604.426636 1395.067505 797.543152 2 98
867.915039 285.576080 983.175842 404.303497 2 98
1241.678345 147.116989 1320.635376 227.474197 2 98
1264.687988 239.363007 1342.979126 311.726288 2 98
1083.828003 152.336761 1164.948975 229.761536 2 98
1435.821167 174.338821 1517.505615 258.048004 2 98
1330.299683 49.424740 1391.165771 100.909874 2 98
1205.737793 66.559464 1280.648682 121.842949 2 98
1183.570923 0.000000 1223.739868 15.466289 2 98
931.815247 511.115997 1142.183105 745.716675 5 98
