551.963501 1508.804077 1073.287354 2136.214600 2 223
1850.708252 935.201660 2098.686035 1246.585571 2 223
472.273895 1031.045044 878.157959 1455.371460 2 223
1214.032715 534.755249 1378.080078 721.871643 2 223
865.536804 282.751678 983.780884 401.436523 2 223
1247.471313 200.845856 1336.429199 292.872131 2 223
1636.101929 492.157379 1807.445435 648.937744 2 223
1080.180176 65.855026 1150.403198 140.483551 2 223
1094.830078 23.025797 1155.961060 62.122932 2 223
802.451294 335.813477 849.816467 464.634552 9 223
