1002.714355 399.494690 1169.138916 575.564087 2 79
855.338928 283.144684 986.532532 402.239899 2 79
1249.635254 433.609528 1383.422852 556.977966 2 79
1546.607910 330.169128 1686.376221 459.224609 2 79
1255.096924 169.187729 1319.057251 229.231674 2 79
1125.631592 712.327026 1358.396118 930.824524 2 79
1306.763306 19.891260 1361.792480 64.765945 2 79
1387.390503 104.919083 1459.134644 186.160461 2 79
1083.850342 203.186981 1172.513428 285.730927 2 79
368.759857 1666.933472 930.840637 2148.999756 2 79
1229.613037 101.993057 1305.358765 164.863693 2 79
1204.617798 25.781248 1264.844604 86.019051 2 79
1090.243408 138.164627 1159.695557 183.764069 2 79
1671.067505 545.520935 1845.243774 753.317017 7 79
1474.283569 37.842861 3670.758057 2160.000000 13 79
1522.241699 370.588959 3659.562744 2151.438232 66 79
