812.827454 1141.693848 1158.922363 1523.504028 2 46
852.450195 285.366211 983.402344 405.391815 2 46
1110.348022 671.936401 1308.178589 904.181824 2 46
1443.557983 206.058533 1544.939209 297.092621 2 46
1252.367798 213.850693 1343.785400 312.633331 2 46
1244.541626 395.288971 1378.863892 516.526306 2 46
1086.131104 123.702042 1164.420166 194.804642 2 46
1552.766968 341.445557 1679.862305 467.746216 2 46
1056.074463 259.920258 1185.278687 372.919678 2 46
1327.247314 44.202171 1395.875977 104.690491 2 46
1194.095093 2.205849 1251.142090 44.727512 2 46
1216.922363 85.536339 1284.758545 143.629532 2 46
1219.769775 56.047264 1279.692261 97.905060 2 46
1096.187134 79.015953 1153.967407 119.702560 2 46
1052.557739 194.036743 1171.126221 378.788788 5 46
1548.728271 308.446411 1680.630371 468.362488 7 46
1254.303101 151.071503 3688.773926 2127.002441 13 46
1548.992065 100.178368 3810.717529 2160.000000 63 46
1588.896606 369.033478 3797.871338 2158.398193 66 46
