1148.967163 586.883789 1329.198364 772.212158 2 39
1531.054932 307.155182 1656.129761 430.658661 2 39
861.718750 283.638702 986.433411 402.010223 2 39
1061.665894 228.376221 1178.006592 339.668396 2 39
1246.533569 335.482056 1370.946655 454.214264 2 39
956.988220 955.959595 1257.798950 1238.291382 2 39
1427.468628 177.970154 1519.611450 267.115509 2 39
1241.282715 186.718811 1331.902466 275.419922 2 39
1321.209961 42.842842 1385.467529 90.496269 2 39
1216.820312 81.091400 1277.812988 127.272141 2 39
1087.931519 110.156761 1160.199097 170.797226 2 39
1092.290771 53.333298 1156.461060 102.599426 2 39
1191.303345 1.159172 1248.982910 36.975285 2 39
1218.896118 48.042408 1274.439941 92.498352 2 39
1235.763184 271.059357 3417.233643 2160.000000 13 39
3613.292725 222.606110 3840.000000 334.740356 25 39
1398.038452 277.175079 3537.581543 2160.000000 66 39
