877.411682 1053.312866 1202.697388 1389.243286 2 43
1134.339722 640.942261 1325.450073 835.643066 2 43
1544.439819 320.846191 1670.751953 449.032379 2 43
1440.078247 186.752350 1526.565063 280.782257 2 43
857.251038 284.231049 987.337708 403.479187 2 43
1247.300293 370.131317 1374.812012 485.324799 2 43
1056.940063 250.924057 1181.115601 360.798553 2 43
1322.339478 43.208996 1393.258667 98.490135 2 43
1251.724121 207.686218 1337.867065 295.176056 2 43
1219.611084 80.730339 1281.488647 135.334732 2 43
1193.849487 1.433887 1248.076904 39.927689 2 43
1090.820312 111.674477 1161.613770 178.886826 2 43
1092.150635 56.489235 1156.997437 108.811279 2 43
1219.491455 51.907078 1274.223267 97.888863 2 43
3618.741211 223.704178 3840.000000 340.147583 25 43
