1729.053467 740.480896 1957.642456 1044.968994 2 104
1654.716431 472.391724 1805.857178 618.940613 2 104
1186.654175 685.665649 1383.147827 920.066711 2 104
1078.782227 287.319122 1172.549072 389.008362 2 104
1246.234131 164.877533 1324.918701 239.770645 2 104
858.326477 281.943726 987.179688 402.279724 2 104
1439.553223 185.956863 1535.780029 273.172760 2 104
1076.053101 166.250946 1170.294922 243.091385 2 104
1266.854614 271.495056 1345.106323 333.496155 2 104
1211.930420 67.504059 1280.334473 130.892944 2 104
1340.861084 50.971523 1398.311646 113.584091 2 104
1178.700806 0.000000 1231.696289 24.303244 2 104
878.947144 547.553650 1113.153931 839.060974 7 104
724.413269 1278.640015 1138.086792 1821.758301 7 104
3613.924072 224.785065 3840.000000 340.689911 25 104
