1243.805420 262.995758 1342.302002 382.332214 2 179
858.171021 286.523651 986.701294 405.905426 2 179
1199.326050 598.433960 1371.265869 747.661499 2 179
990.287781 493.870209 1152.094116 655.932495 2 179
1497.693115 265.855286 1608.257690 382.715698 2 179
1197.830811 74.082008 1283.949707 145.769806 2 179
1046.698853 987.323181 1282.469360 1249.991577 2 179
1704.047363 531.045898 1871.240112 699.338318 2 179
1052.085571 972.169617 1277.648926 1276.450562 7 179
618.649170 942.973755 966.323853 1241.829956 7 179
1813.409546 1047.976196 2061.302490 1446.370117 7 179
1140.995728 0.000000 3558.759521 2072.393555 13 179
1647.785034 344.994934 3727.572754 2135.291992 63 179
1491.563110 344.199799 3676.550537 2160.000000 66 179
