893.575867 674.087402 1094.950439 844.047729 2 159
1766.529175 828.619934 1993.050781 1108.769653 2 159
860.120300 284.255554 983.245056 407.478668 2 159
1041.264526 374.342529 1172.792358 491.951141 2 159
1624.555420 424.173859 1767.401978 550.751221 2 159
1447.597168 202.171661 1535.558594 285.825897 2 159
1239.403564 406.383453 1375.025391 537.877686 2 159
1231.395508 200.151550 1319.806641 288.129822 2 159
1214.184326 639.429565 1374.269287 819.380554 2 159
1195.945679 39.610630 1270.922485 102.412369 2 159
1214.068970 625.950500 1375.517578 799.946411 7 159
