1746.144531 1269.651367 2072.811523 1764.346558 2 138
1546.105713 328.189880 1666.010742 435.990234 2 138
1070.818359 267.394958 1175.115479 378.617584 2 138
1248.566162 294.215668 1366.472290 390.513580 2 138
855.442993 281.864319 987.148987 402.447021 2 138
1395.916504 128.348694 1475.543091 205.030731 2 138
1020.440063 472.243622 1151.163940 620.413452 2 138
1278.765991 464.038788 1383.611206 566.234314 2 138
1192.588867 11.191691 1251.391846 67.998329 2 138
1223.929321 146.713821 1303.104370 221.697571 2 138
433.983948 1848.392212 948.171082 2138.056641 2 138
277.976440 1059.506348 777.364746 1685.705078 5 138
1720.732544 649.695618 1926.510864 894.317627 7 138
3618.486084 227.635559 3837.922363 343.652313 25 138
