862.863831 282.683350 986.534790 405.959808 2 317
476.142365 1376.268188 996.300293 2053.682373 2 317
1045.825439 338.147949 1163.053711 482.095856 2 317
1154.120239 55.827366 1227.083374 117.363846 2 317
1309.143555 46.892563 1374.552612 92.542130 2 317
1274.749634 1.531277 1337.888062 28.070238 2 317
1089.698975 118.713104 3324.604736 2120.642822 2 317
1061.803345 72.540779 1192.505371 236.854355 7 317
1179.650391 115.994446 3475.905029 2121.643066 13 317
1396.534912 313.911407 3524.377686 2160.000000 66 317
