502.592957 1463.069580 1063.223389 2160.000000 2 271
1801.835205 908.449341 2042.334473 1194.196411 2 271
853.617615 281.485168 987.108398 403.419678 2 271
1068.985352 174.325439 1160.306396 268.817932 2 271
1273.492676 0.289249 1330.139282 24.843805 2 271
1072.885620 61.539684 1171.356689 135.019562 2 271
1204.558472 473.563599 1361.512329 641.016296 2 271
1797.354736 898.048279 2022.462769 1204.548096 7 271
3616.387451 220.875076 3840.000000 338.252533 25 271
1873.650879 333.264740 3718.877930 2130.064453 66 271
