837.992859 722.635864 1066.443481 924.448303 2 164
1044.889648 405.990356 1167.650757 526.333923 2 164
860.677124 285.899048 985.004150 402.328918 2 164
1637.182617 442.849823 1793.642822 590.886230 2 164
1232.011963 214.343933 1325.429321 306.136292 2 164
1457.827393 214.060471 1557.417114 305.622589 2 164
1774.684204 854.051025 2015.016968 1164.812134 2 164
1244.247681 469.425049 1379.118164 580.465027 2 164
1196.168213 49.981094 1270.795654 111.155258 2 164
1165.755127 704.120972 1346.757324 912.444824 2 164
1185.453369 695.209656 1357.060425 912.807373 7 164
3619.537109 219.861481 3837.179443 345.155518 25 164
