841.132263 285.846741 985.281921 404.163300 2 350
1204.263306 132.426910 1289.903564 215.894379 2 350
1292.498413 26.702154 1362.263184 72.615280 2 350
1355.933594 93.683563 1433.916992 156.937164 2 350
1230.186157 0.000000 1282.129028 38.651100 2 350
1092.025635 43.523251 1156.223145 100.450279 2 350
782.396484 0.000000 3205.103516 2133.532715 6 350
926.810913 549.891907 1125.867432 790.177063 7 350
1059.580444 162.215073 1211.658203 364.083588 7 350
1250.395630 132.451508 3692.886475 2142.941895 13 350
1564.451294 106.178963 3791.196777 2157.507568 63 350
1600.416504 355.967773 3782.622070 2160.000000 66 350
