1570.720459 355.530731 1696.689087 475.115753 2 145
1736.086182 1418.428711 2069.515869 2094.148682 2 145
984.084045 530.339539 1145.959839 679.080933 2 145
1249.252808 326.875275 1370.975098 436.323151 2 145
862.736633 282.658997 985.626953 404.335083 2 145
1060.300049 296.692627 1176.412109 408.429535 2 145
1227.260498 162.181534 1308.018433 237.925629 2 145
1413.459595 152.721161 1497.425781 230.023254 2 145
1195.738159 25.564383 1250.540039 80.015938 2 145
1270.759155 516.977539 1388.489868 635.770203 2 145
1735.255493 1429.622925 2068.609619 2091.045654 5 145
10.437354 1317.741577 635.250732 2058.294189 5 145
1744.631714 697.338135 1944.807739 951.990662 7 145
1.269693 1284.567627 642.405823 2019.029785 7 145
3620.363281 228.829636 3837.674072 342.287720 25 145
