1250.395142 210.141434 1345.479248 300.394562 2 13
854.261597 283.847565 985.882935 407.284668 2 13
1210.950439 362.420532 1338.709106 489.086243 2 13
1440.435059 191.686813 1551.365845 295.699646 2 13
1070.671265 142.370560 1172.401245 243.273804 2 13
1368.038818 111.824966 1444.852417 178.532394 2 13
1089.504761 72.718048 1157.175293 121.364014 2 13
1196.679810 539.766052 1348.188965 696.213440 2 13
1224.405762 107.414352 1309.199829 174.822571 2 13
1288.359009 9.770049 1342.157593 43.233257 2 13
1212.159790 35.880032 1266.991089 70.815865 2 13
1147.148682 139.397736 3534.438477 2106.250732 13 13
3610.053711 215.434784 3840.000000 340.715546 25 13
1563.786987 86.620323 3793.522949 2160.000000 63 13
1442.858887 315.030182 3728.872314 2160.000000 66 13
384.999359 1768.509155 877.735840 2158.802979 67 13
