512.830811 1027.924438 559.053528 1122.609497 0 348
1199.382202 132.923813 1288.507812 209.803146 2 348
844.231140 285.757477 983.454163 406.977631 2 348
1345.508179 76.985146 1425.634888 149.982819 2 348
1090.772827 40.683342 1155.318237 93.044983 2 348
1291.019775 27.895487 1357.276855 71.981445 2 348
939.010559 555.989746 1143.482788 774.252869 2 348
1231.736694 0.884972 1279.302490 36.299286 2 348
1059.494263 159.358276 1212.033081 354.377502 7 348
943.814453 518.724854 1132.933960 770.479736 7 348
1121.669434 102.133362 3564.303223 2137.841797 13 348
3613.697021 218.165115 3839.390137 342.069824 25 348
1246.899536 76.726334 3677.347656 2160.000000 63 348
1361.862915 310.814636 3563.818115 2160.000000 66 348
