960.041016 506.580933 1145.254517 711.635498 2 343
862.244995 283.942444 984.600159 401.473724 2 343
1342.084351 70.477119 1414.396851 138.150208 2 343
1194.510498 115.378525 1270.024170 194.691345 2 343
1094.629639 33.898773 1150.215210 89.629433 2 343
1300.509277 21.599405 1352.283081 58.404976 2 343
1231.904419 0.000000 1280.435913 26.755655 2 343
1019.419617 0.000000 3418.567871 2160.000000 2 343
1063.077759 147.876770 1219.724731 317.665436 7 343
1115.587280 48.955189 3570.141357 2160.000000 13 343
1322.446533 57.948528 3609.782715 2160.000000 63 343
1388.413818 339.524445 3542.853760 2144.033691 66 343
