1495.296631 261.272614 1607.928223 359.355560 2 28
1198.168945 474.241638 1335.613647 626.155762 2 28
1109.317383 714.809937 1312.697266 945.194397 2 28
1068.574829 194.042236 1179.281982 300.901428 2 28
1303.247559 23.867281 1361.749634 67.016426 2 28
856.524109 283.108521 986.795959 400.144928 2 28
1256.832642 293.935059 1356.099121 379.269073 2 28
1403.210083 151.170151 1482.784180 229.078552 2 28
1237.288330 158.534882 1317.936890 227.863647 2 28
1210.300903 53.688007 1266.175293 102.252724 2 28
1094.471802 96.892601 1159.028809 150.110428 2 28
1098.867065 39.592777 1158.232544 88.716995 2 28
1215.731201 30.134352 1266.147217 68.684120 2 28
1190.870239 0.000000 1239.703735 22.188833 2 28
1155.970093 1.238479 3511.012939 2160.000000 6 28
3615.486572 224.329590 3840.000000 342.403076 29 28
