1068.842407 295.789246 1172.231567 411.272247 2 108
1739.572876 779.860901 1965.473633 1107.182007 2 108
1456.071777 203.112137 1553.596924 294.229767 2 108
861.180237 285.312073 986.130371 404.632965 2 108
1249.348755 182.714752 1335.077881 265.391235 2 108
1203.210327 73.605247 1293.065063 140.964432 2 108
1267.685791 275.779816 1352.759766 356.686584 2 108
1143.856201 811.772217 1359.536011 1011.894104 2 108
1067.715210 176.883530 1173.922974 263.257599 2 108
1342.442993 79.452377 1409.770752 123.669655 2 108
830.336121 644.743591 1073.545898 885.680847 7 108
1145.454590 756.312073 1358.318481 1006.546509 7 108
532.462097 1461.739624 1059.794189 2100.955811 7 108
1669.186401 482.662201 1821.679565 651.873413 7 108
1140.795776 0.000000 3552.549072 2129.478027 13 108
3610.056641 219.911377 3840.000000 340.795990 25 108
1668.993164 294.131897 3719.326660 2160.000000 63 108
1386.479126 306.878571 3543.669678 2160.000000 66 108
