412.492828 1614.729004 943.956543 2158.425781 2 57
1005.992859 853.956482 1249.673462 1165.899048 2 57
1471.813232 238.920013 1579.347656 346.368134 2 57
1586.956299 389.002625 1738.118774 551.507568 2 57
1256.735962 268.756470 1362.653320 380.741028 2 57
861.325562 286.415283 985.645691 404.177490 2 57
1084.638062 152.226669 1165.699341 214.574539 2 57
1237.576294 497.638641 1377.217773 614.177490 2 57
1228.674316 101.538155 1299.092407 162.772278 2 57
1082.057861 74.366852 1156.192871 135.556870 2 57
1032.354858 264.479370 1187.460938 431.061157 2 57
1349.061523 76.087410 1417.063965 130.336868 2 57
1199.161133 17.600212 1254.587524 59.237934 2 57
1286.971924 2.374477 1332.198730 33.018093 2 57
1225.532104 75.869514 1282.635864 120.613968 2 57
1044.050293 261.202789 1180.698242 429.902222 5 57
1216.609375 452.790497 1381.866455 608.082458 7 57
1203.516602 118.467628 3462.090820 2140.479736 13 57
3611.822266 217.446548 3840.000000 341.120331 25 57
1389.388062 278.413910 3540.787109 2160.000000 66 57
