833.706604 1091.406250 1174.179565 1482.327271 2 66
855.801392 284.237701 986.847351 401.751801 2 66
1505.867554 262.489014 1622.347046 391.637634 2 66
1204.545532 558.904602 1373.645020 721.117249 2 66
1248.904175 320.714691 1372.976929 442.575500 2 66
1365.425049 79.701912 1435.060791 147.889694 2 66
1082.727173 164.840805 1167.764526 238.961670 2 66
1026.956787 315.551483 1194.117432 484.173523 2 66
1623.330200 444.152740 1783.289307 624.592163 2 66
1089.614624 109.324203 1158.323730 153.050064 2 66
1241.017700 135.222015 1304.944946 190.252747 2 66
1202.094604 23.310469 1262.057007 67.141113 2 66
1220.596558 78.073074 1285.522583 129.182281 2 66
1626.238525 459.850830 1787.583740 631.349243 5 66
