859.733582 282.759338 988.514709 402.936493 2 15
1463.409668 207.746994 1559.204590 297.010223 2 15
1213.530396 365.618561 1332.715576 506.773193 2 15
1196.701294 553.676697 1357.292358 720.003967 2 15
1224.815186 113.711639 1302.668945 178.099014 2 15
1251.185913 216.933395 1338.985474 308.468262 2 15
1077.485352 137.370178 1172.861084 249.314224 2 15
1375.300293 128.288956 1452.452271 189.624237 2 15
1289.658569 5.280818 1343.233643 42.500893 2 15
1198.640259 23.560179 1249.432861 69.714088 2 15
1094.673706 75.388748 1158.319702 120.699341 2 15
1060.084717 77.996399 1160.906494 246.895172 5 15
