790.745850 317.235931 869.421692 506.600861 0 136
1748.100708 1223.425781 2069.864746 1707.216431 2 136
1724.889893 658.579163 1915.380005 874.950073 2 136
490.385040 1698.047729 986.619812 2160.000000 2 136
1537.647949 316.069550 1656.731689 424.291748 2 136
1074.641235 263.209167 1175.204834 367.722107 2 136
1248.736816 289.997498 1362.502197 380.890839 2 136
864.705322 282.701202 986.569946 408.819000 2 136
1277.725830 436.300262 1384.840210 548.595886 2 136
1395.541870 125.370819 1474.547607 199.170792 2 136
1222.578979 133.756485 1304.261719 207.925629 2 136
1184.326660 19.805201 1248.186279 64.275909 2 136
1019.144592 455.929169 1152.806396 610.513184 2 136
322.521027 1039.275513 826.494812 1619.195190 7 136
3622.781250 221.874268 3838.411377 341.992584 25 136
1895.301758 381.267212 3711.081543 2130.893555 66 136
