857.909546 285.090973 985.763550 405.596100 2 158
1225.178223 183.413986 1328.014282 283.627167 2 158
1243.687500 407.009552 1379.787476 525.291321 2 158
1052.040527 371.408142 1176.625000 487.324432 2 158
1765.987671 844.632996 1992.901001 1100.789551 2 158
1442.085571 178.561813 1538.825073 285.353027 2 158
1191.403564 41.773678 1262.900269 105.764687 2 158
1618.751953 413.068054 1750.935547 555.293884 2 158
1225.260742 622.989990 1366.425415 798.363831 2 158
899.347534 647.564819 1103.082520 834.524658 7 158
1770.442505 802.099426 1993.413940 1098.072876 7 158
1031.669800 143.334045 3420.944580 2127.528809 13 158
3609.112061 218.287338 3840.000000 341.936859 25 158
1626.124023 320.881317 3738.044434 2160.000000 63 158
1342.748657 288.450714 3586.851562 2160.000000 66 158
1676.183594 1909.054565 2085.718262 2148.367432 67 158
