838.881104 1131.683105 1206.908081 1549.241333 2 213
693.867493 855.589661 974.103333 1177.424194 2 213
855.168762 282.756958 986.844116 401.862701 2 213
1230.881958 467.645172 1380.254517 618.839661 2 213
1599.065186 425.439575 1752.389648 571.805176 2 213
1814.727173 819.240845 2055.345703 1084.199707 2 213
1231.524658 158.638794 1321.851929 249.529373 2 213
1077.132690 59.308544 1151.959473 125.696289 2 213
1736.660156 731.767456 2055.783691 1079.034790 7 213
3613.948730 228.442719 3840.000000 336.940247 25 213
