1198.963745 551.193909 1372.598145 710.641418 2 65
862.522339 283.664795 983.994324 404.407532 2 65
1085.500366 168.364441 1170.900269 238.605988 2 65
843.220581 1069.436157 1198.710815 1454.521973 2 65
1258.354492 311.086090 1372.374268 437.801270 2 65
1358.621460 78.049446 1429.341187 145.771286 2 65
1505.799072 265.248749 1621.977661 387.095581 2 65
1240.457153 138.090134 1305.991821 190.528549 2 65
1633.192627 447.928467 1775.005737 610.185303 2 65
1090.213745 107.195541 1157.692993 154.707062 2 65
1201.118164 25.861814 1264.188354 67.044182 2 65
1224.932861 82.406212 1284.908325 127.552177 2 65
1295.653931 6.854839 1349.737915 46.213699 2 65
1018.951233 306.451691 1185.644653 487.325806 5 65
861.990723 1039.779053 1201.907104 1453.548340 7 65
1266.843628 134.221680 3678.550293 2142.770508 13 65
1576.783569 118.260605 3790.716797 2135.105225 63 65
1613.512085 362.351746 3771.317871 2160.000000 66 65
