859.396545 284.510742 985.597168 404.073120 2 277
1182.695312 538.893433 1349.886230 726.056274 2 277
1066.229858 197.270264 1161.690308 292.345490 2 277
1087.567627 65.660248 1178.825317 144.294312 2 277
1797.148438 1003.942200 2110.918945 1299.891479 2 277
1816.750000 988.424316 2066.066406 1335.406006 7 277
3613.368896 221.790497 3840.000000 339.958069 25 277
1634.223145 103.175804 3752.592529 2160.000000 63 277
1675.229614 391.898315 3738.616943 2141.693848 66 277
400.435760 1806.899048 915.506470 2143.342041 67 277
