1788.318481 867.716858 2017.814575 1159.895752 2 269
855.086792 284.047150 985.286377 404.910034 2 269
1071.080933 147.982742 1163.073364 258.366272 2 269
1082.874390 60.951859 1174.763306 132.289352 2 269
1221.536621 444.640808 1359.191772 618.016052 2 269
1184.501831 138.542740 3498.520996 2119.711670 2 269
599.853638 1340.910400 1091.573120 2082.388184 5 269
584.879456 1340.231689 1075.791992 2079.315430 7 269
1785.596558 896.643372 2020.398682 1160.537231 7 269
1262.525879 108.361008 3670.006592 2159.886719 63 269
1645.111816 395.814270 3752.995850 2137.471680 66 269
