843.903809 726.467163 1056.022217 927.433411 2 164
1459.942139 217.260345 1556.349243 308.650330 2 164
1639.756226 445.051208 1792.095337 592.770630 2 164
866.102112 284.696259 985.047852 404.253143 2 164
1043.818359 404.896759 1165.515747 524.648865 2 164
1236.997559 215.255692 1329.200317 307.468506 2 164
1770.931519 865.287964 2012.457886 1160.878052 2 164
1244.333618 456.959473 1380.832886 580.828735 2 164
1197.613037 46.239792 1267.745361 109.889999 2 164
1190.297485 712.091309 1358.109131 908.892334 2 164
