1749.735352 1324.600464 2062.743652 1951.601562 2 142
985.480347 505.680634 1150.168335 659.500427 2 142
1063.008301 289.031158 1177.728516 393.477051 2 142
1555.126587 338.475464 1689.254028 455.466583 2 142
1247.897217 312.119629 1369.005737 417.664825 2 142
849.500916 281.701355 986.623474 401.902069 2 142
1222.703613 151.669342 1306.486572 228.927032 2 142
1193.019043 18.767336 1246.964600 75.161987 2 142
1408.720581 145.787079 1489.108887 221.481277 2 142
1276.967896 492.730164 1382.246216 604.189880 2 142
1740.405762 1354.755371 2076.805664 1930.866943 5 142
121.554390 1186.141357 695.551392 1873.071167 5 142
1728.734619 680.491272 1936.462646 926.647034 7 142
3624.031494 225.373871 3836.888916 341.211639 25 142
