1503.962036 278.906342 1626.347778 395.303070 2 67
802.260254 1146.144287 1165.550903 1536.462402 2 67
863.992737 283.152222 982.442749 402.403778 2 67
1633.772949 461.281677 1795.577759 629.101929 2 67
1252.975952 344.352600 1375.294556 452.332153 2 67
1088.392822 169.891541 1167.075562 242.693130 2 67
1027.839722 319.994995 1184.945801 487.810455 2 67
1209.021851 555.551147 1374.683594 730.067566 2 67
1368.102417 91.123001 1438.571899 154.900009 2 67
1243.981934 134.648895 1304.588257 193.259567 2 67
1199.658691 20.287054 1264.701660 69.985313 2 67
1084.227539 109.000793 1160.804321 155.010895 2 67
1224.018433 84.959274 1304.297119 131.817856 2 67
1293.871826 3.709316 1353.051758 44.248634 2 67
1039.982056 316.187775 1178.190674 487.585449 5 67
1216.929810 76.156761 3457.073730 2144.297607 6 67
1353.168091 68.490829 3575.025146 2142.870117 13 67
1373.198120 333.548676 3560.797852 2160.000000 66 67
