612.995911 1398.577759 1115.809692 2000.424805 2 221
536.781311 991.678101 915.504089 1370.225708 2 221
1848.558472 910.648193 2093.218506 1225.710205 2 221
1643.818604 480.428223 1800.181274 624.124817 2 221
1217.499390 522.627930 1383.805664 698.443298 2 221
852.740906 284.871704 985.559387 403.222137 2 221
1236.274536 183.161423 1332.508545 286.686493 2 221
1077.691895 66.269470 1152.135742 141.884079 2 221
1093.602905 25.652559 1156.018188 69.268738 2 221
611.935425 1350.106567 1127.219360 1979.724365 7 221
3611.879395 221.097900 3840.000000 339.994232 25 221
1581.318237 111.175797 3789.887695 2149.501953 63 221
1622.248413 377.669434 3769.874023 2150.161865 66 221
