1248.455078 289.015717 1347.289185 419.602631 2 187
858.237732 283.370911 986.187256 406.041046 2 187
913.885437 1199.796265 1208.077759 1571.387207 2 187
955.273376 559.344055 1133.917358 723.086792 2 187
1177.600464 666.588989 1352.464355 855.466675 2 187
1528.365601 306.326965 1636.385620 420.973175 2 187
1206.841797 95.591293 1284.124023 166.060059 2 187
1733.132935 599.090027 1905.376343 770.097473 7 187
437.098114 1092.164795 852.822815 1490.911743 7 187
909.349731 1205.766113 1209.533813 1585.229736 7 187
1808.229858 1192.603638 2092.898438 1659.344971 7 187
3608.361328 218.266632 3840.000000 342.062164 25 187
1323.441406 119.672234 3618.370361 2144.240479 63 187
1479.728638 366.546356 3682.631592 2149.899902 66 187
