1211.378052 588.170227 1387.856201 753.100647 2 95
943.397949 501.058929 1145.828125 721.464783 2 95
1613.131470 408.931702 1753.578613 564.838928 2 95
1425.371338 158.739151 1504.567871 241.912979 2 95
852.848694 284.243195 985.412476 404.032837 2 95
1260.932251 224.658157 1340.508789 296.942688 2 95
1328.168823 45.402657 1388.991943 95.420090 2 95
1206.343384 50.918423 1278.138184 116.642982 2 95
1075.397949 240.100235 1172.939819 347.281708 2 95
1240.050537 152.837891 1322.464478 213.268875 2 95
1076.671631 150.444244 1163.135864 226.072983 2 95
1713.303101 662.052246 1904.636719 932.296875 7 95
934.550842 1061.339478 1238.606812 1375.561646 7 95
937.109375 469.864960 1149.852539 709.967041 7 95
1102.877319 128.676788 3584.566162 2144.706055 13 95
1563.793823 116.281349 3802.816162 2159.141357 63 95
1599.268799 347.602600 3785.353271 2160.000000 66 95
