1402.812866 157.358536 1494.952515 238.089508 2 30
1061.529419 196.296494 1183.958740 306.766083 2 30
857.503418 284.583435 986.727722 405.543579 2 30
1252.897217 289.456879 1359.799316 394.602448 2 30
1233.334961 153.702042 1327.296509 237.359955 2 30
1510.073975 262.592102 1619.296753 376.346619 2 30
1080.980225 766.133057 1292.237061 989.647339 2 30
1177.302734 493.806244 1332.859131 648.597900 2 30
1215.594482 58.894440 1269.217163 104.073082 2 30
1306.566772 33.113365 1371.938354 76.363098 2 30
1082.239990 95.128036 1160.213379 159.473984 2 30
1130.710205 128.211700 3553.220947 2124.266846 13 30
3610.388184 217.533295 3840.000000 339.902435 25 30
1248.841064 109.189102 3697.802490 2157.235352 63 30
1451.468750 292.866547 3717.154785 2160.000000 66 30
