382.858063 1179.046753 420.759857 1275.817505 0 119
1755.377930 923.419617 2012.155518 1281.659058 2 119
1001.578613 1011.884705 1316.030029 1346.156494 2 119
1689.269897 558.269348 1853.393677 737.376465 2 119
1055.635376 353.852905 1175.285889 474.213623 2 119
1276.313599 334.442932 1368.680420 419.187805 2 119
1480.781250 241.788132 1594.837036 340.375549 2 119
1216.227417 91.482864 1292.895264 163.474380 2 119
864.537109 285.621979 984.381104 402.222626 2 119
1075.227783 207.709229 1173.079590 298.430420 2 119
1252.179932 214.184631 1342.458984 297.371735 2 119
1364.354858 81.991989 1433.031982 146.526245 2 119
1182.240112 6.572399 1237.395996 40.190788 2 119
712.667480 712.236389 1006.505310 1080.206909 7 119
