1623.695923 427.896301 1770.465942 579.942688 2 98
1079.901245 272.374756 1172.246216 359.204041 2 98
858.172424 285.822144 984.336182 402.709564 2 98
1264.791382 237.486069 1343.518921 309.404388 2 98
1437.511108 172.057327 1519.705688 256.181030 2 98
1246.496948 153.019058 1321.634033 226.959564 2 98
1197.271729 648.792542 1392.368164 808.221985 2 98
1333.489502 48.655182 1390.885498 101.288620 2 98
1078.769897 158.767654 1169.289673 229.342453 2 98
1725.289429 722.660034 1931.273682 966.302673 2 98
1209.787964 49.529453 1275.423218 119.570038 2 98
943.633850 499.214142 1122.063477 740.155762 5 98
1719.337158 686.368530 1934.248047 959.552917 7 98
926.945496 503.723907 1139.086304 747.866882 7 98
843.135254 1091.285645 1220.062378 1500.317627 7 98
3618.133545 219.657196 3840.000000 343.117645 25 98
