803.724426 734.268555 1053.452637 982.578125 2 204
856.757568 282.957794 986.079773 402.823669 2 204
1794.601318 739.059265 2007.499634 959.960693 2 204
1223.870605 130.246689 1311.113525 218.585693 2 204
1009.181519 931.962585 1316.183960 1200.819580 2 204
1222.794678 389.186768 1381.184448 546.244324 2 204
1578.988159 388.214142 1712.431519 518.362732 2 204
1083.157959 42.524467 1152.227661 110.900856 2 204
4.722075 1715.827759 392.569122 2151.486816 2 204
1774.313354 679.531128 2018.764648 958.928528 7 204
