509.738464 1027.030273 561.055359 1121.572632 0 293
1046.262817 721.085754 1275.008423 1031.457031 2 293
854.716431 286.869263 985.281067 404.285400 2 293
1061.031372 248.166153 1169.744263 362.527649 2 293
1893.935425 1284.525024 2208.622314 1740.568481 5 293
1044.232666 198.245529 1173.118164 362.343719 5 293
1069.624512 40.545212 1181.479736 177.650742 7 293
1878.283813 1252.091187 2225.240723 1758.610718 7 293
1150.798706 4.714851 3541.875732 2036.598267 13 293
3610.359863 219.240295 3840.000000 343.904449 25 293
1318.724976 87.691605 3618.697998 2160.000000 63 293
1656.267212 335.143646 3721.462402 2150.452881 66 293
