783.967407 794.103882 1042.617920 1021.144592 2 169
1035.191040 433.059631 1161.050903 566.158752 2 169
1241.782715 525.702393 1384.615723 632.895325 2 169
859.379639 286.104675 987.083069 403.255096 2 169
1470.395020 228.111526 1566.443359 326.891205 2 169
1235.231812 226.450867 1333.871216 331.607635 2 169
1197.723022 63.564487 1271.970947 126.741249 2 169
1249.997070 474.983215 1365.323608 566.678772 2 169
1160.974976 767.733704 1350.069336 1009.085022 7 169
1800.300903 935.386902 2024.474365 1245.346436 7 169
1660.587646 473.802429 1809.949097 617.421448 7 169
1005.638672 131.970291 3435.121582 2135.149902 13 169
3610.506348 219.144501 3840.000000 342.981232 25 169
1290.149902 96.906731 3631.261719 2160.000000 63 169
1484.446533 505.657867 3672.027100 2160.000000 66 169
