1745.541260 1311.175171 2075.099121 1846.787964 2 140
1067.473022 280.768311 1176.176758 387.877899 2 140
854.377014 281.908600 987.364502 406.925903 2 140
1549.046997 328.131622 1676.358643 443.724487 2 140
1403.030884 135.403168 1482.744507 212.468826 2 140
995.277832 486.199005 1154.551270 634.514893 2 140
1275.498779 462.186890 1385.100220 581.965576 2 140
1249.477417 304.766113 1365.187012 398.054901 2 140
1221.547974 143.834152 1306.065430 226.227707 2 140
1195.332642 19.712618 1249.352661 73.085800 2 140
1722.873413 679.997925 1934.433472 911.009277 2 140
450.176392 2046.636597 896.527161 2160.000000 2 140
199.046310 1139.067505 735.344421 1777.568604 7 140
1745.643311 1199.085815 2063.613281 1880.676636 7 140
