380.761261 1185.356934 421.604584 1284.069092 0 176
855.032227 286.513702 987.079529 402.090790 2 176
1002.391174 476.230530 1147.476562 622.406372 2 176
1222.347900 597.988464 1377.251465 703.658630 2 176
1490.673340 253.897583 1594.191284 364.160950 2 176
1235.182251 246.912109 1336.042969 365.833160 2 176
1195.402954 72.056976 1280.320923 143.870651 2 176
697.069153 899.875793 962.603455 1114.271851 2 176
1243.165894 537.110779 1364.570068 629.075073 2 176
1087.456665 923.501770 1297.985107 1180.125244 7 176
697.722534 892.270630 962.766907 1165.200806 7 176
1804.567627 1008.553101 2054.739502 1367.208130 7 176
1692.210693 502.030304 1851.602783 678.145264 7 176
1043.045410 42.144581 3368.480469 2160.000000 13 176
1297.080688 79.646980 3642.688477 2160.000000 63 176
1491.062256 313.165955 3677.130615 2160.000000 66 176
