939.482544 581.489136 1120.311523 764.320435 2 190
1533.862549 319.595245 1653.517578 443.109497 2 190
345.488831 1151.693237 774.653137 1619.878784 2 190
817.381531 1304.568237 1160.544678 1750.629639 2 190
857.705017 281.221832 985.244812 404.144867 2 190
1245.283081 314.411987 1356.024292 442.513702 2 190
1730.947510 619.811279 1937.447998 804.252747 2 190
1157.366821 716.512390 1344.841675 910.504150 2 190
1212.108398 100.213272 1289.352783 174.406235 2 190
1802.675171 1272.009155 2101.296387 1761.567627 2 190
1091.095337 42.326885 1150.223999 91.604225 2 190
820.029175 1304.486328 1167.257690 1743.090698 7 190
1411.657349 271.741425 3524.506348 2160.000000 66 190
