460.214020 1103.812622 493.644775 1194.645264 0 334
511.442719 1027.723877 558.514343 1122.526367 0 334
380.117523 1185.363159 421.252228 1284.408081 0 334
859.310242 283.741608 984.844849 405.734680 2 334
985.132751 435.686279 1159.846924 627.825684 2 334
1178.397583 98.374092 1255.037109 164.926743 2 334
1337.306152 73.158066 1407.319946 122.729637 2 334
1058.743530 102.327286 1207.484985 292.732971 7 334
1117.675659 0.000000 3573.932373 2160.000000 13 334
3613.268311 216.370911 3840.000000 340.379761 25 334
1259.716919 63.332630 3667.979004 2160.000000 63 334
1199.193604 315.057434 3487.192383 2160.000000 66 334
