866.837524 282.292084 984.032227 402.138733 2 20
1474.874878 225.992081 1574.777222 322.698547 2 20
1253.150635 243.696091 1348.004761 334.975769 2 20
1383.253906 132.380096 1461.595215 203.790085 2 20
1161.571289 616.743042 1345.429688 791.037415 2 20
1226.200195 128.975250 1305.951538 192.762787 2 20
1074.577271 160.546173 1177.491211 267.608643 2 20
1210.238281 416.756500 1339.349121 552.221558 2 20
1295.918335 13.002604 1351.137695 54.820343 2 20
1211.130737 49.420677 1260.583130 87.413002 2 20
1095.645752 74.993301 1158.935425 131.253311 2 20
1102.799438 35.519600 1152.734619 71.527405 2 20
1222.948242 27.445219 1261.361450 63.056026 2 20
1075.211060 146.365799 1173.527222 264.216827 5 20
1108.436157 42.784763 3325.498535 2160.000000 6 20
1171.785034 15.449523 3501.758545 2160.000000 13 20
