811.919800 731.300537 1058.725586 984.547546 2 204
1796.113159 738.348389 2003.218140 957.341858 2 204
1579.355957 389.370789 1711.347168 518.029602 2 204
1245.772461 401.020630 1374.146484 544.175720 2 204
1011.122864 931.256653 1292.931763 1246.459473 2 204
855.253662 281.726166 984.980225 401.566864 2 204
1223.159424 134.349854 1308.236938 216.056091 2 204
3.267460 1699.018799 403.636597 2116.965332 2 204
1083.252197 43.061653 1150.392944 108.526207 2 204
1810.958130 1646.299805 2115.196045 2160.000000 2 204
1773.871582 1647.728760 2163.509033 2160.000000 56 204
