1011.654663 845.267883 1254.203247 1141.817993 2 56
858.535278 283.035828 987.962463 405.829102 2 56
1472.767334 234.524796 1576.160767 340.668274 2 56
450.727631 1565.304932 959.379700 2142.390625 2 56
1579.991333 385.307434 1731.857178 540.996094 2 56
1254.254761 266.751129 1361.291992 369.951874 2 56
1045.524414 260.556213 1178.802246 423.376556 2 56
1233.848267 110.282471 1298.960327 167.668640 2 56
1091.065063 150.234940 1164.192749 214.533569 2 56
1245.721558 494.276031 1377.430054 602.530701 2 56
1346.062256 64.780251 1410.574219 124.706146 2 56
1286.552246 0.769558 1329.992432 30.041254 2 56
1198.081665 2.104912 1250.798706 49.880558 2 56
1087.725586 85.185181 1155.387207 135.103333 2 56
1227.801025 59.756809 1281.557617 103.763000 2 56
3618.393555 223.300308 3838.881348 343.059967 25 56
