1249.110474 313.548523 1372.941895 454.044891 2 249
855.457947 284.584351 987.676819 402.630371 2 249
1023.763123 872.957886 1319.173950 1188.730957 2 249
1725.467163 696.047913 1915.640015 890.141541 2 249
1075.716675 118.719398 1156.875366 204.142899 2 249
1092.953979 33.086929 1167.067749 98.141319 2 249
1718.239380 664.629333 1909.734741 873.344604 7 249
3624.864014 227.536453 3838.690918 343.305786 25 249
1886.615967 1505.010620 2265.974609 2145.096436 66 249
1711.700562 390.779327 3686.822021 2129.673340 66 249
