1540.264771 322.268127 1668.501099 443.935974 2 42
916.641357 1023.531494 1203.089478 1337.670776 2 42
853.312256 284.346985 983.626831 402.901367 2 42
1248.166748 368.745209 1376.852539 481.981293 2 42
1136.913330 608.169678 1327.355835 815.952698 2 42
1432.772583 187.606873 1531.617554 278.709625 2 42
1251.532837 213.903336 1338.329590 293.299225 2 42
1316.121460 42.559029 1394.577759 96.386200 2 42
1213.353882 85.779182 1284.401123 136.854630 2 42
1059.939697 228.701355 1175.997437 350.454590 2 42
1082.473267 103.583557 1168.495972 177.216904 2 42
1192.109619 3.920860 1247.759277 37.107349 2 42
1092.797241 61.470963 1160.830200 107.371155 2 42
1213.370239 49.733044 1275.975464 92.415268 2 42
1051.109375 200.689423 1171.123779 367.362762 5 42
1119.851440 320.618225 3569.945801 2160.000000 13 42
1551.119019 94.886963 3819.971924 2160.000000 63 42
1591.659546 354.470184 3798.854004 2160.000000 66 42
