825.948425 1106.200684 1177.208130 1462.183838 2 45
1440.506714 202.494492 1535.903198 292.794769 2 45
1553.158813 339.505554 1680.581421 459.854584 2 45
1124.223633 664.917603 1311.408569 869.895447 2 45
851.529907 284.371490 986.783569 401.061371 2 45
1250.396973 376.232391 1369.378906 502.511993 2 45
1252.526245 215.749390 1342.212402 309.039551 2 45
1323.886963 46.964775 1394.622559 103.731133 2 45
1056.060791 256.247864 1183.090698 368.615326 2 45
1088.592773 123.394196 1162.792358 189.450180 2 45
1192.236694 2.347698 1253.200073 44.524780 2 45
1218.483398 81.244179 1284.311157 141.067886 2 45
1219.166748 50.504890 1280.370850 94.864937 2 45
1091.319946 58.595005 1156.219238 111.360619 2 45
1052.793335 200.300552 1170.791992 373.218262 5 45
1146.922607 30.812071 3519.330811 2160.000000 6 45
1313.314209 13.106460 3595.659668 2160.000000 13 45
3621.435791 220.679382 3837.218994 339.618744 25 45
