657.537964 935.850037 975.635193 1203.202881 2 178
1056.009033 949.854675 1288.230225 1245.299561 2 178
1000.166443 482.882385 1149.393433 636.744995 2 178
1245.139526 257.876801 1342.964844 373.406036 2 178
1492.708374 263.480072 1603.729248 373.114227 2 178
1796.907593 1034.301147 2066.017822 1430.543213 2 178
857.435425 281.663361 985.957642 401.922211 2 178
1206.814087 73.427574 1279.458862 143.365173 2 178
1213.328003 619.418640 1378.869263 731.374817 2 178
1230.309692 562.693481 1372.429810 658.157349 2 178
1093.757446 34.806805 1151.512573 73.220612 2 178
1765.765747 1059.055176 2061.544189 1430.289185 6 178
1697.779297 537.684937 1866.916138 688.232178 7 178
1786.163940 1079.362549 2071.475342 1448.423950 7 178
