773.268616 1179.617798 1172.783325 1724.879761 2 263
856.285400 286.407715 984.377686 404.392883 2 263
1071.386597 144.000778 1157.647339 243.291763 2 263
1082.797485 50.827271 1176.068848 118.064400 2 263
984.853760 293.975342 3237.243652 2160.000000 2 263
1239.362061 409.919800 1372.869141 560.428833 2 263
1771.322632 815.161133 1979.610107 1069.149902 7 263
763.680542 1186.623169 1147.412964 1730.693604 7 263
1088.795410 110.030930 3373.516602 2160.000000 13 263
3611.760742 217.988312 3840.000000 342.923004 25 263
1660.103149 333.325531 3711.654785 2160.000000 63 263
1377.982544 313.926300 3542.862549 2160.000000 66 263
