856.399414 286.604553 986.847229 406.348450 2 327
1174.111450 78.640877 1244.132812 140.643417 2 327
1321.817993 54.690281 1383.882812 106.147034 2 327
1275.184448 12.110366 1334.155640 41.096416 2 327
1055.068970 97.796799 1215.103394 272.203888 7 327
1015.435486 384.805176 1158.966309 553.269531 7 327
1098.442383 96.784966 3584.454102 2156.630371 13 327
3607.646240 221.105331 3840.000000 342.041443 25 327
1466.610718 305.241943 3698.677246 2160.000000 63 327
1348.288574 319.860291 3578.981934 2160.000000 66 327
