858.214355 284.191223 984.473511 402.905609 2 176
1488.819214 256.794769 1592.903809 363.827454 2 176
1200.195068 69.294777 1276.816650 139.564468 2 176
1004.325989 475.889496 1146.737183 623.102600 2 176
677.083923 901.593994 975.395325 1159.724243 2 176
1214.999512 549.950500 1383.396973 693.475220 2 176
1693.067871 507.575317 1855.835205 680.191345 2 176
1234.343384 249.730103 1338.336792 365.440613 2 176
1091.703613 33.286858 1153.318604 76.977188 2 176
1777.246460 1054.076172 2079.857666 1378.316284 2 176
1765.278809 1039.534790 2097.047607 1331.388428 6 176
1088.549561 922.434265 1304.660767 1176.916748 7 176
1785.171509 1022.989014 2068.265381 1398.775757 7 176
699.338684 884.191223 966.467102 1171.769897 7 176
1694.135376 524.226135 1858.949341 684.719177 7 176
1105.360229 288.801819 3349.788818 2160.000000 13 176
1624.496338 145.929337 3762.955566 2123.864746 63 176
1648.678833 383.042877 3753.302490 2146.408447 66 176
