910.266174 657.460999 1099.072021 833.492188 2 158
1759.909790 809.771301 1988.721191 1095.145996 2 158
1052.491577 367.671295 1173.218018 489.128357 2 158
865.753113 282.480927 983.974304 402.441772 2 158
1248.437866 405.519531 1372.131714 531.242065 2 158
1611.781982 417.934662 1762.832642 549.450623 2 158
1442.294678 192.739090 1532.037842 277.839203 2 158
1230.414673 199.541687 1319.690308 287.339386 2 158
1197.854980 39.675976 1255.924561 103.319199 2 158
1228.195679 663.225342 1370.181396 796.152405 2 158
1229.211670 628.485229 1369.016602 800.549194 7 158
