863.154785 687.584595 1079.892578 896.138733 2 162
1777.825317 852.812317 2004.527832 1147.043335 2 162
1636.184204 427.386108 1782.418213 574.810974 2 162
854.556824 280.970184 985.748596 402.478973 2 162
1234.458496 210.281967 1327.693970 296.406067 2 162
1043.341431 389.724182 1169.246338 517.722229 2 162
1455.661987 208.614334 1551.382446 295.136475 2 162
1244.750977 433.913483 1374.560425 562.456482 2 162
1197.601074 43.871208 1269.561890 106.286942 2 162
1208.248535 665.458130 1362.106567 872.825500 7 162
