632.681335 944.584656 961.570312 1241.874268 2 179
1494.181152 270.896759 1606.607422 379.411896 2 179
1205.329712 586.124451 1375.957397 746.935486 2 179
994.458130 495.052856 1147.026611 647.404602 2 179
1046.110474 968.802612 1286.464233 1287.691895 2 179
863.781555 282.239227 985.239990 402.641571 2 179
1806.041016 1048.433472 2064.563965 1438.470093 2 179
1243.685913 262.641785 1342.109863 380.235321 2 179
1203.462769 74.059631 1281.781128 142.700500 2 179
1092.529907 34.090919 1152.493042 74.101173 2 179
1702.606567 541.129639 1869.389038 698.020813 7 179
3616.162109 218.146698 3837.861572 345.672546 25 179
