1846.917847 1156.921631 2170.434082 1591.938965 2 236
1254.780151 249.417786 1359.494507 359.927185 2 236
855.312134 283.664246 985.552979 403.338989 2 236
1143.467285 659.452393 1362.867188 887.187927 2 236
1078.194946 40.036064 1156.324707 167.228607 2 236
1085.962891 25.555857 1166.903320 71.354996 2 236
1143.184570 664.247559 1364.244385 917.121460 7 236
1690.978027 594.339844 1862.769775 760.617432 7 236
3610.295166 219.614975 3840.000000 337.978699 25 236
1580.326660 113.775551 3775.729492 2140.828613 63 236
1610.965942 386.841644 3773.445557 2149.620361 66 236
