678.039673 860.523560 973.952820 1192.032959 2 214
792.591003 1164.166626 1199.766479 1586.697632 2 214
862.064880 287.261566 986.150269 403.705200 2 214
1241.377319 469.557251 1381.401245 620.915894 2 214
1239.799683 169.673187 1327.170288 260.659424 2 214
1076.938721 59.651981 1154.346191 134.998047 2 214
1814.952148 827.182129 2053.051025 1104.753052 5 214
3611.082520 218.616928 3840.000000 343.544525 25 214
1604.310669 142.079086 3753.735596 2115.455566 63 214
1667.800537 345.466431 3718.203613 2148.240479 66 214
