858.796082 282.726166 985.797363 403.808990 2 210
1604.865112 428.852448 1736.706543 549.909851 2 210
1229.268066 153.149979 1317.799805 239.153015 2 210
1238.615967 434.261505 1379.912476 596.325378 2 210
1812.014038 779.634766 2037.459961 1050.021362 2 210
1078.273926 52.722870 1151.281494 118.418594 2 210
898.238403 1061.592285 1235.673218 1438.249023 2 210
707.324036 828.832581 1019.617126 1115.857544 2 210
1092.515259 2.224789 1157.419556 45.826546 2 210
1803.335815 788.693787 2029.317993 1040.712158 7 210
924.545898 1083.552368 1246.771484 1457.371826 7 210
3614.147461 225.703690 3840.000000 337.611328 25 210
