547.521545 989.446960 911.489868 1339.897949 2 220
1847.710449 895.498535 2087.450195 1200.023926 2 220
1218.703247 500.659180 1389.184326 687.593140 2 220
860.243225 281.781677 986.862915 402.850311 2 220
636.982727 1353.385742 1131.901001 1926.260010 2 220
1242.442749 186.653809 1329.059692 279.254822 2 220
1635.802856 474.668182 1786.064209 627.446533 2 220
1079.969482 64.249359 1153.283081 137.548599 2 220
1098.685547 18.221054 1157.377686 58.681522 2 220
1865.170166 383.105255 3729.210205 2141.008301 66 220
