1756.279663 1168.222168 2061.018066 1614.055664 2 133
559.409973 1526.958740 1088.152832 2157.358398 2 133
1253.061401 262.423187 1359.913696 370.898773 2 133
1276.662476 412.850861 1380.514404 529.553833 2 133
1521.801514 297.407776 1634.903198 410.066620 2 133
854.424561 284.191345 984.197449 403.764709 2 133
1071.285889 259.615845 1178.831177 353.727020 2 133
1022.936646 429.297852 1163.260376 577.787659 2 133
1387.249268 96.125046 1465.721436 192.192642 2 133
1216.837036 114.221985 1298.344116 204.807465 2 133
1189.856079 20.628603 1244.879761 60.561615 2 133
1716.433350 639.477966 1906.978394 849.710938 7 133
423.906342 948.843811 861.952942 1484.583862 7 133
1617.104614 127.322380 3768.904053 2153.825928 63 133
1653.084229 373.092468 3750.786621 2148.334229 66 133
