1748.656372 1024.374512 2030.514160 1441.999268 2 126
817.511902 1214.495239 1222.743042 1715.770264 2 126
1248.527344 238.735306 1353.715698 331.888611 2 126
1375.235840 99.367157 1450.632690 170.790359 2 126
854.949280 283.353424 986.549438 404.117401 2 126
1215.141113 98.550674 1297.545288 186.919662 2 126
1042.470947 400.159485 1164.646729 522.860046 2 126
1499.463867 270.203003 1608.473145 373.706787 2 126
1276.241821 384.084290 1371.981934 467.767609 2 126
1074.932373 232.170517 1174.284302 321.854431 2 126
1180.484375 4.125137 1241.135498 49.246212 2 126
593.630188 832.947754 939.284790 1248.371094 5 126
1740.615723 1045.330444 2060.868652 1437.423218 6 126
590.638245 803.027405 969.263245 1264.683105 7 126
1708.591919 595.979309 1880.930298 795.185669 7 126
1042.381958 382.628845 1159.892456 538.451843 7 126
1747.036133 985.027283 2031.105957 1400.483887 7 126
1622.300659 96.163895 3766.109375 2160.000000 63 126
1664.548462 368.680786 3737.603027 2158.016602 66 126
