1248.675537 199.342560 1345.241943 304.359039 2 225
1848.447754 954.841858 2119.014404 1302.580200 2 225
1205.548462 551.383667 1376.145142 750.913635 2 225
857.447571 286.020813 987.707214 405.936554 2 225
430.255402 1079.577148 857.147095 1516.344604 2 225
450.383179 1574.482178 1052.080078 2153.913086 2 225
1079.843262 67.123772 1154.412109 146.309723 2 225
1656.646484 507.543854 1835.664795 664.757263 2 225
1092.500977 20.652178 1156.209595 66.177689 2 225
3611.068359 220.947296 3840.000000 340.852539 25 225
1681.437500 347.912048 3711.552979 2142.257080 63 225
1354.990967 285.294800 3576.636963 2160.000000 66 225
