1788.317383 864.623962 2014.021362 1149.963379 2 268
858.547729 284.786316 987.663208 405.741669 2 268
1067.090576 144.956131 1160.784912 259.148712 2 268
1207.163696 443.645874 1369.808716 611.058289 2 268
1091.712036 38.747345 1169.360474 125.833160 2 268
1271.624390 0.000000 1324.203857 24.407099 2 268
622.412170 1328.238770 1103.023682 1993.977295 7 268
1789.254761 911.518677 2015.038940 1142.244385 7 268
3619.778809 228.801254 3838.084473 341.009186 25 268
1871.099243 397.344696 3735.277100 2127.120117 66 268
