1571.786011 358.620636 1697.569092 486.339203 2 83
1108.354614 798.431213 1332.815186 1021.948975 2 83
1689.045288 588.632446 1859.625488 785.741577 2 83
1083.870239 217.283813 1172.492554 297.083008 2 83
863.413269 285.715820 983.840515 404.236542 2 83
1397.169312 127.329475 1476.256226 200.671219 2 83
1201.596558 39.875561 1271.113281 93.198044 2 83
1237.572754 443.321899 1390.205566 600.379883 2 83
1311.663208 27.627409 1369.180054 72.708664 2 83
1255.642456 183.091385 1329.126831 251.015732 2 83
1233.986938 107.668015 1308.947632 176.158890 2 83
1082.442261 128.296387 1160.258179 195.238831 2 83
317.451294 1842.010010 758.716675 2154.982910 2 83
990.592285 414.085449 1163.008057 602.044128 5 83
