1698.561401 1498.489258 2089.789795 2151.800781 2 148
1251.356201 349.224579 1375.536011 453.818512 2 148
1065.737427 311.404144 1177.122925 424.563538 2 148
963.634338 560.042358 1139.188843 713.600525 2 148
864.312927 284.160797 984.969604 402.443481 2 148
1582.600708 370.735229 1707.612549 485.744904 2 148
1418.793823 149.625992 1501.876343 235.664963 2 148
1226.658569 177.931122 1313.272583 252.118820 2 148
1193.098022 26.549547 1252.732300 81.913658 2 148
1255.732788 539.316895 1378.158447 669.429321 2 148
0.000000 1381.692017 569.097046 2160.000000 5 148
1255.494385 518.866150 1378.825073 670.246765 5 148
1766.100830 740.879578 1962.838623 988.610291 7 148
1267.608521 549.626831 1380.936890 670.424255 7 148
3615.594238 217.709763 3839.397705 335.712982 25 148
