1819.715698 1265.789673 2092.440674 1699.832520 2 189
1242.557251 315.686615 1353.262817 435.786194 2 189
370.073059 1146.448730 799.133118 1573.405273 2 189
939.672180 593.470337 1121.136108 753.393250 2 189
1729.530396 612.701782 1925.723267 790.347046 2 189
1534.477783 321.958801 1652.342285 436.987244 2 189
1156.573608 704.839539 1374.473633 904.917908 2 189
860.756531 282.616974 984.967896 401.096283 2 189
1214.351318 97.918907 1290.357422 168.072617 2 189
831.947327 1307.323364 1174.671265 1679.163818 2 189
1092.330078 43.993889 1148.379761 89.305054 2 189
