910.535034 935.143127 1222.734375 1281.011963 2 302
852.691406 283.916016 986.818970 404.607452 2 302
1060.861328 271.175751 1168.883911 401.989960 2 302
1300.269775 31.560457 1352.723755 65.623680 2 302
1151.150391 30.694483 1200.042480 79.153801 2 302
1180.101440 0.000000 3483.763672 2160.000000 2 302
842.537781 0.000000 3108.083740 2160.000000 6 302
1063.557007 59.183804 1188.237549 194.554581 7 302
1332.504395 1.529732 3586.262207 2160.000000 13 302
3621.431885 227.969269 3839.584717 341.405396 29 302
1348.238525 289.098907 3579.251221 2160.000000 66 302
