1527.113281 294.800690 1640.885376 412.505249 2 37
1006.670105 920.594421 1251.873901 1170.792969 2 37
855.252380 284.914734 986.851440 403.315979 2 37
1253.321045 316.262024 1362.356445 443.114532 2 37
1065.478882 223.830856 1181.533447 333.018250 2 37
1424.739258 172.436478 1509.855103 262.154480 2 37
1241.371094 180.952255 1330.404297 265.084869 2 37
1085.912720 108.165886 1162.739746 169.272293 2 37
1217.322266 75.790497 1273.225708 119.024445 2 37
1155.301147 590.292847 1334.126343 746.073059 2 37
1095.334839 53.651272 1156.317139 100.625603 2 37
1221.632324 34.578781 1273.995728 73.429863 2 37
1327.582153 32.181301 1378.681885 76.109558 2 37
1194.536011 0.000000 1243.006958 34.609051 2 37
1186.158203 94.183495 3465.201172 2160.000000 13 37
3612.894043 221.637146 3840.000000 336.443817 25 37
1226.365356 295.284546 3428.471191 2160.000000 66 37
