1069.490601 235.726196 1161.853149 341.034271 2 290
856.992981 286.263977 986.508118 403.891388 2 290
1081.222656 702.533203 1306.985962 944.311340 2 290
1824.570801 1201.188110 2202.099121 1650.902344 2 290
1284.738281 7.317295 1337.313599 45.878273 2 290
1136.956787 11.544456 1194.574341 60.227848 2 290
1870.544800 1211.156128 2174.369385 1644.678467 5 290
1087.615723 35.657845 1178.054688 174.168655 7 290
1859.272705 1231.924561 2188.026611 1669.710083 7 290
3613.808838 228.080734 3840.000000 341.742981 25 290
