513.679199 1028.352905 559.489685 1121.707031 0 99
860.985840 283.504242 983.462158 405.470337 2 99
831.185242 1142.425659 1209.063843 1542.176880 2 99
1074.141113 258.396942 1178.327271 368.248535 2 99
1629.284546 429.750336 1785.100342 576.930969 2 99
1261.887329 231.624405 1345.711792 316.697266 2 99
1433.769165 172.455582 1521.696167 263.036041 2 99
1333.095459 56.834961 1392.554565 107.951942 2 99
1194.078247 631.971924 1383.606689 825.728577 2 99
1206.247559 61.449677 1280.103149 125.228683 2 99
1242.887451 145.583954 1329.211670 229.830536 2 99
1069.756470 159.337799 1169.199829 235.491135 2 99
1025.854004 102.492363 3423.626465 2160.000000 2 99
917.131470 507.791718 1135.697144 761.683716 7 99
829.529907 1098.327637 1226.992920 1505.520752 7 99
1197.603882 598.337952 1382.842773 821.227661 7 99
1707.090576 666.393066 1929.214966 977.159241 7 99
1134.947998 124.863731 3554.526123 2154.696289 13 99
3606.304932 217.493805 3840.000000 341.075348 25 99
1629.604614 286.454773 3758.272949 2160.000000 63 99
1473.975708 277.554016 3706.958984 2160.000000 66 99
