909.935669 657.255798 1097.205566 833.765564 2 158
864.330566 283.762421 983.731995 406.028809 2 158
1051.536865 374.230377 1175.000366 486.804504 2 158
1759.485107 806.730713 1995.862793 1097.695068 2 158
1614.765747 419.004333 1760.540527 548.751709 2 158
1248.148071 408.646423 1376.250000 529.431946 2 158
1441.433228 187.419312 1533.354126 280.545837 2 158
1231.466797 203.582947 1320.351074 286.281616 2 158
1195.742432 38.826195 1271.284668 102.925240 2 158
1224.834839 644.288269 1368.846191 806.325623 2 158
1225.009888 624.589539 1369.713745 802.157227 7 158
