955.876343 952.004211 1238.240356 1282.730591 2 40
1539.705811 311.449463 1656.004028 431.397949 2 40
1425.578003 184.528763 1522.032715 270.421692 2 40
1152.271484 607.958313 1327.593140 783.285889 2 40
1058.705444 231.494858 1180.437378 344.110443 2 40
860.353088 282.033447 986.454346 403.264374 2 40
1318.144531 41.143909 1389.997192 92.864677 2 40
1218.903687 79.408203 1280.244385 129.849121 2 40
1246.008301 355.496277 1370.931519 456.865509 2 40
1092.961182 104.414970 1165.526611 172.954086 2 40
1195.051147 0.535526 1250.542847 36.587959 2 40
1245.526611 189.798874 1327.978027 279.803009 2 40
1097.529053 59.680706 1156.129272 105.721771 2 40
1214.783936 46.265884 1271.158691 92.916351 2 40
1053.198486 194.895844 1174.036865 347.963989 7 40
1140.815796 45.844799 3516.886475 2160.000000 13 40
1379.586304 362.704559 3547.573730 2132.166992 66 40
