847.206116 282.457458 984.116455 402.657043 2 348
1345.690186 74.765388 1425.601074 148.697998 2 348
1204.570801 131.661758 1286.978149 206.606354 2 348
1091.940308 32.673740 1156.260254 94.645210 2 348
1288.458496 30.037649 1360.412964 69.571953 2 348
1230.448364 0.000000 1281.988892 34.264526 2 348
1191.429077 120.674049 3446.091797 2127.437500 2 348
940.665710 524.104919 1132.785522 767.669983 7 348
1060.631226 154.990417 1210.587524 351.459137 7 348
1353.079468 101.960098 3564.620605 2138.223145 13 348
3615.726807 221.268417 3837.002930 339.454285 25 348
1228.344604 333.666901 3421.961914 2160.000000 66 348
