1211.960327 307.961517 1332.343750 436.856567 2 6
1438.483887 173.385422 1529.644531 263.100922 2 6
632.157837 1368.477539 1064.411133 1927.735596 2 6
857.962463 282.924500 987.958801 404.419312 2 6
1353.589111 94.675423 1437.144287 166.886658 2 6
1243.947998 172.593033 1329.642212 273.227570 2 6
1076.620361 124.190247 1168.180420 217.912323 2 6
1215.032837 465.651031 1348.730469 624.148254 2 6
1218.370361 94.713417 1295.062256 154.269897 2 6
1092.597046 54.319263 1159.305054 105.527679 2 6
1193.997437 29.370516 1251.122192 73.898331 2 6
1101.532104 139.918900 3582.957764 2136.482422 13 6
1703.125244 1499.400024 2079.392822 2159.227295 56 6
1575.342041 122.745316 3809.050537 2153.445557 63 6
1595.758179 382.421936 3800.771729 2149.442627 66 6
