1443.874878 205.107864 1540.505615 295.209473 2 46
808.665466 1139.190186 1178.149902 1525.218628 2 46
1554.964722 343.563965 1679.643555 464.761017 2 46
1111.151733 683.128357 1312.163208 899.027344 2 46
855.935913 285.703339 985.795410 405.149658 2 46
1055.239990 254.061691 1180.679077 370.616089 2 46
1324.712891 47.672878 1395.768066 105.752670 2 46
1246.761353 401.658539 1376.280396 511.856445 2 46
1251.523560 218.726562 1341.134888 311.549347 2 46
1088.216309 127.011215 1161.460083 193.692276 2 46
1195.594604 0.658607 1252.168091 43.539387 2 46
1217.229248 81.477982 1284.617310 137.819595 2 46
1094.286987 74.734093 1155.164551 113.861557 2 46
1216.889404 51.620918 1280.003540 95.539909 2 46
1116.850952 0.000000 3542.128906 2160.000000 6 46
1292.751099 0.000000 3616.465088 2160.000000 13 46
3618.372803 224.616837 3839.468018 339.135559 25 46
