1558.828369 342.788513 1696.148804 482.819580 2 82
1085.519409 208.351471 1173.325073 296.420166 2 82
855.969604 282.152466 985.165039 400.646179 2 82
1394.495728 125.288651 1474.673706 198.527176 2 82
1307.755127 30.321520 1365.528320 72.228981 2 82
1203.798462 42.643143 1270.218872 93.597618 2 82
1255.076660 181.447327 1320.718872 242.962753 2 82
1231.650146 106.841003 1304.930298 172.395279 2 82
1238.106201 433.195251 1386.450928 584.910034 2 82
1083.048584 126.096947 1159.939819 192.258896 2 82
326.127014 1848.950439 820.424866 2148.150635 2 82
1116.536743 819.267273 1347.614868 1000.467285 2 82
988.936707 408.016876 1165.836182 594.027954 5 82
1117.034668 757.876038 1349.765991 999.681641 7 82
1682.209351 585.558899 1856.114136 773.388245 7 82
1701.729614 400.686462 3691.038818 2122.146484 66 82
