1450.053955 0.000000 3698.819092 2160.000000 0 7
596.285034 1423.157471 1037.640991 1992.789307 2 7
1215.303223 320.153259 1335.181641 447.479309 2 7
863.124695 285.969757 985.509277 401.803406 2 7
1437.462402 176.110947 1533.417236 267.148682 2 7
1222.321411 485.850189 1349.053101 623.696350 2 7
1243.363037 186.906723 1331.280029 271.943665 2 7
1219.992188 95.857193 1293.428955 155.029785 2 7
1353.726074 103.070694 1438.094727 167.827713 2 7
1092.033691 56.948658 1161.424561 111.031258 2 7
1080.679932 146.934006 1170.519531 226.040604 2 7
1284.061035 1.707401 1329.437500 32.585850 2 7
1197.244019 27.464731 1247.940796 64.531113 2 7
1187.208130 0.000000 3497.408691 2087.821533 2 7
768.400818 0.000000 2939.774170 2160.000000 6 7
1694.999756 1501.024170 2086.189453 2160.000000 56 7
1707.129639 346.265930 3692.896484 2160.000000 66 7
