1485.540161 240.758728 1591.374023 343.720062 2 24
1256.345825 258.152832 1350.827148 360.059021 2 24
856.598877 282.745850 987.040527 402.516968 2 24
1071.419922 173.857605 1175.592041 282.700287 2 24
1140.910156 664.548523 1338.334961 858.050720 2 24
1392.258301 136.157455 1473.744995 214.882034 2 24
1201.374023 432.910522 1335.143799 585.045044 2 24
1300.223267 12.117976 1353.442627 61.494881 2 24
1234.429199 139.598801 1309.034912 208.716537 2 24
1095.328491 83.708664 1156.371460 141.761276 2 24
1216.507935 50.548607 1261.123657 94.770294 2 24
1215.839722 28.117159 1260.187134 67.225624 2 24
1195.385132 0.316315 1236.806763 24.593008 2 24
1102.716675 47.056328 1152.830811 86.484314 2 24
1294.440063 0.000000 3622.739990 2160.000000 13 24
3624.826660 220.445587 3836.953369 338.795563 25 24
