849.242676 284.329468 987.210571 404.237915 2 326
1173.303101 86.686356 1248.142944 140.630722 2 326
1322.276001 56.832100 1389.403442 109.077698 2 326
1273.117920 11.632518 1333.905762 40.469910 2 326
1060.001465 100.657990 1209.722778 271.659027 7 326
1017.729126 382.286438 1161.047852 550.724670 7 326
1138.112061 103.386948 3542.833008 2160.000000 13 326
3611.387939 219.175629 3840.000000 343.317932 25 326
1646.728516 344.641083 3728.638916 2154.555176 63 326
1357.135376 318.430450 3567.253906 2160.000000 66 326
