865.077698 285.801178 985.694702 404.036285 2 14
1213.652832 367.111786 1333.994385 492.890594 2 14
1458.754639 205.755142 1555.615601 295.468353 2 14
1250.117676 216.926758 1338.974609 302.897064 2 14
1073.233521 147.488922 1175.931152 245.546478 2 14
1225.768555 107.305237 1303.124756 173.388397 2 14
1374.601440 123.535988 1451.614380 187.979034 2 14
1200.182983 538.244568 1343.403809 715.275757 2 14
1096.614136 73.071495 1160.744995 122.670929 2 14
1289.283081 7.045211 1342.705688 42.062069 2 14
1197.606079 22.358377 1252.582275 67.981735 2 14
358.346497 1845.909302 874.112305 2150.336182 2 14
