798.306885 755.842712 1046.013550 1002.450806 2 168
1034.797241 430.734894 1164.245239 558.959717 2 168
1166.335449 768.455505 1346.619873 989.102844 2 168
1658.124512 472.548950 1810.930664 615.203003 2 168
862.089600 285.382111 984.806641 403.418976 2 168
1238.860107 494.051361 1382.173950 619.980774 2 168
1468.778809 230.641922 1564.920410 324.139221 2 168
1234.399414 225.284485 1332.145020 326.828125 2 168
1197.571655 52.313229 1273.413696 120.550797 2 168
1096.531982 20.843122 1152.730225 65.063896 2 168
1785.551880 922.991821 2013.079468 1185.794800 2 168
1787.981812 909.420959 2014.856567 1231.656982 7 168
1599.741089 115.979912 3766.323242 2140.463379 63 168
1639.721313 362.823700 3750.057861 2160.000000 66 168
