862.171875 282.598328 985.434204 404.629639 2 23
1255.734253 251.286148 1353.416626 357.899750 2 23
1066.034912 171.776947 1183.900146 280.761780 2 23
1483.359009 227.451660 1591.689697 336.184021 2 23
1390.567627 131.632919 1471.769653 214.566635 2 23
1193.238647 428.316406 1339.614258 575.093750 2 23
1148.939941 651.725891 1343.143433 850.396484 2 23
1231.009521 129.888153 1317.483398 209.270309 2 23
1214.067993 52.561966 1267.806519 94.376160 2 23
1302.846802 29.724253 1360.198853 64.049088 2 23
1084.241699 71.443176 1160.374146 140.841522 2 23
1106.528809 148.232101 3571.739258 2126.489258 13 23
1533.638062 113.967926 3836.403564 2160.000000 63 23
1582.176025 347.159363 3806.363525 2160.000000 66 23
