1080.249268 262.299713 1175.006592 356.054047 2 97
1623.306396 420.506958 1765.435547 573.486755 2 97
1719.301270 686.061829 1923.931396 946.592957 2 97
1212.527222 603.098572 1393.699341 783.475281 2 97
861.105652 284.723511 983.728455 404.796509 2 97
1079.703491 156.498978 1163.171021 226.869156 2 97
1431.847290 167.696335 1515.992188 257.493530 2 97
1265.746338 239.445404 1340.103394 305.863251 2 97
1243.604004 150.856461 1319.594116 219.998001 2 97
1331.389893 48.340813 1388.069092 97.440315 2 97
1212.261108 51.377216 1277.145508 118.736565 2 97
920.125549 1083.667969 1204.887695 1456.020264 2 97
939.859009 507.098450 1144.985352 735.713623 5 97
891.340271 1079.425171 1229.105591 1470.052368 7 97
905.689331 525.565430 1126.421875 724.920349 7 97
1709.360474 613.449951 1931.838135 929.368713 7 97
1716.915894 372.608978 3670.942139 2139.098877 66 97
