1745.633667 872.925659 2003.921265 1209.664673 2 115
1072.808594 888.291870 1346.124390 1215.316650 2 115
1674.484253 529.697876 1848.523926 711.068420 2 115
1475.906982 230.082764 1572.659668 322.591064 2 115
1057.556152 336.851227 1176.439209 451.564728 2 115
1354.711548 72.163811 1423.192749 137.254944 2 115
1273.001587 305.043152 1361.765381 397.403381 2 115
1216.889526 89.643112 1288.671753 155.540878 2 115
857.113708 282.591125 988.290222 404.561554 2 115
1073.373291 194.762299 1170.940552 278.915039 2 115
1252.325806 202.351212 1334.606934 287.273010 2 115
1181.543091 2.454872 1234.380981 33.677559 2 115
363.907990 1865.518188 902.787415 2156.584473 2 115
770.563293 686.891174 1050.927734 1001.476196 7 115
