992.934998 961.688416 1259.630371 1303.232300 2 93
1706.181274 643.706299 1906.259033 904.188049 2 93
1230.430176 553.238586 1393.740845 720.881287 2 93
1416.003174 156.213440 1503.265747 236.117004 2 93
1082.546753 241.306793 1172.749023 339.979797 2 93
1600.359375 391.293732 1749.865845 543.100952 2 93
859.438416 283.269073 987.104004 403.083893 2 93
1260.279175 215.150284 1335.754761 283.660126 2 93
1237.539673 131.404144 1313.660889 204.628250 2 93
1322.378296 37.871529 1387.487793 93.399063 2 93
1209.792725 50.261074 1273.292603 106.444695 2 93
1076.788696 141.255798 1161.792236 211.390900 2 93
957.397095 513.446106 1148.439453 700.406433 5 93
949.386780 470.455841 1149.102539 694.611694 7 93
