462.635956 1095.664429 491.453522 1197.910034 0 229
1191.854980 598.532715 1364.865356 800.893066 2 229
863.267700 284.394470 984.335693 408.174683 2 229
297.848816 1213.891724 778.898254 1695.803711 2 229
1249.799072 222.821487 1341.312744 327.549103 2 229
425.586853 1806.449829 943.937256 2149.530762 2 229
1850.002686 1016.874695 2143.603516 1369.372925 2 229
1665.677856 532.694397 1829.129639 701.251221 2 229
1075.736328 77.519066 1154.560303 156.065933 2 229
1095.355103 24.593294 1160.385864 66.765686 2 229
1938.072388 610.739990 3700.164062 2128.366211 66 229
