1456.791992 16.545525 3686.751465 2160.000000 0 73
635.936523 1349.323853 1060.557617 1866.080811 2 73
1527.578003 303.331573 1656.530762 429.657654 2 73
1184.020142 644.908508 1353.432983 822.249573 2 73
853.863220 283.750977 983.542969 399.238342 2 73
1089.684448 182.932419 1169.752075 263.768463 2 73
1375.358521 102.035973 1451.661743 168.057388 2 73
1254.140137 375.265259 1376.837524 499.604858 2 73
1198.608887 24.258841 1266.721680 81.302368 2 73
1245.672119 150.592911 1314.565796 213.768188 2 73
1085.287231 107.632935 1160.360718 167.270615 2 73
1298.418701 8.844109 1352.937134 57.109676 2 73
1224.409546 86.380630 1302.941772 145.652618 2 73
1008.056641 354.025604 1175.305420 532.750000 5 73
1652.712769 511.707428 1834.756836 698.907349 5 73
1644.005371 489.589325 1820.166382 689.437744 7 73
1350.624634 107.600548 3592.207275 2135.796143 13 73
3618.740479 222.046722 3839.017578 335.670990 25 73
1634.394897 23.975943 3724.164551 2160.000000 63 73
1698.648926 360.684570 3686.229980 2140.509521 66 73
