1537.964600 315.963928 1658.715088 430.575348 2 40
960.960022 953.541382 1239.109741 1283.826538 2 40
1148.143433 598.872864 1332.716675 781.244507 2 40
1432.951172 178.917374 1518.211060 272.076630 2 40
1244.512451 344.169952 1370.028931 461.087341 2 40
859.030823 283.675781 987.541199 404.598877 2 40
1065.794922 226.040939 1176.747070 341.668365 2 40
1322.589355 44.631725 1385.468018 92.656967 2 40
1252.138794 203.010513 1334.115967 285.915619 2 40
1216.433350 77.449028 1278.477173 126.602089 2 40
1193.563232 0.000000 1245.731812 35.595531 2 40
1093.506348 60.011097 1155.149780 103.240234 2 40
1096.904785 115.461212 1160.479248 170.349304 2 40
1216.804810 49.905849 1274.905273 93.123657 2 40
1052.815430 192.305588 1170.208862 347.705353 5 40
