631.343262 1356.868652 1062.349976 1861.628662 2 73
1530.754150 306.552521 1654.951172 428.087402 2 73
853.728516 284.683777 985.019043 400.459778 2 73
1257.135742 371.633575 1372.855591 503.714874 2 73
1085.015381 183.707306 1171.195435 261.390015 2 73
1185.034912 647.971680 1348.970215 824.827026 2 73
1379.556763 103.994347 1448.322754 167.329544 2 73
1201.370972 24.876936 1266.166016 80.097649 2 73
1083.885742 109.443108 1160.573975 169.953903 2 73
1246.441040 139.744827 1314.273926 206.656830 2 73
1301.709717 16.249180 1353.044067 57.867332 2 73
1239.010132 111.824791 1299.755127 156.278442 2 73
1023.320312 406.268555 1176.846680 524.865479 2 73
1226.130371 86.831009 1283.929932 142.781296 2 73
1024.129883 351.371490 1172.671875 534.362061 5 73
1652.611328 505.530487 1812.382812 701.078186 5 73
1009.505127 359.692139 1184.255249 531.933960 7 73
1651.711670 485.392090 1816.714478 692.543640 7 73
1186.039551 616.098267 1352.294678 813.518921 7 73
1369.657959 346.878632 3567.889648 2160.000000 66 73
