1732.078857 745.667236 1955.895874 1042.712524 2 104
1657.727051 474.658569 1805.895386 615.982788 2 104
1184.820679 679.992310 1378.904907 916.663208 2 104
1442.486816 190.293945 1538.624268 274.379883 2 104
1077.110596 288.196442 1173.858154 390.215942 2 104
854.195068 281.116669 985.794128 402.550140 2 104
1244.175171 161.441101 1322.630127 241.610626 2 104
1268.254150 255.817444 1347.052612 334.952637 2 104
1079.369629 166.862976 1167.680908 243.799774 2 104
1210.901489 67.113304 1280.515869 132.807419 2 104
1339.384766 52.146202 1400.794434 116.177956 2 104
1178.245361 0.000000 1229.655273 24.013136 2 104
763.106323 1288.491577 1170.480713 1786.753174 2 104
886.229065 547.417664 1112.629761 837.006958 7 104
718.306702 1280.083618 1133.248779 1821.886719 7 104
