1738.660156 1371.156860 2073.337158 2013.264648 2 143
979.308899 511.741089 1147.469727 669.211304 2 143
1251.742554 319.126495 1369.587891 424.814270 2 143
857.526855 281.354828 984.536316 403.216309 2 143
1279.458252 499.420471 1380.094360 612.857544 2 143
1070.803223 290.913940 1177.356934 398.933136 2 143
1561.400024 340.831940 1686.991821 462.867126 2 143
1223.241089 150.391373 1306.441895 231.720642 2 143
1409.504883 144.829437 1488.778076 224.072906 2 143
1190.024780 26.906775 1253.917603 77.159378 2 143
1725.072388 690.365845 1940.495117 933.178101 7 143
73.747726 1224.701538 686.367920 1925.916260 7 143
1552.931763 340.814423 1682.147827 461.686462 7 143
3617.451904 220.322784 3838.345215 333.878143 25 143
