1485.414185 0.000000 3660.012207 2160.000000 0 27
1493.823608 257.218414 1602.936646 357.671692 2 27
862.372620 283.133240 986.416443 402.022217 2 27
1120.457886 710.303833 1316.648804 928.859192 2 27
1255.921875 271.183197 1355.122192 372.027161 2 27
1397.960938 147.294495 1479.204834 227.400620 2 27
1304.113892 23.262918 1361.333252 65.499626 2 27
1069.734863 176.345657 1175.260986 291.126709 2 27
1194.445801 472.707214 1335.164185 620.979614 2 27
1233.798584 152.465851 1315.083618 225.013611 2 27
1213.986572 55.019699 1264.202271 100.833488 2 27
1096.253052 87.423241 1159.339355 142.320786 2 27
1216.827271 30.075644 1264.021606 68.354530 2 27
1189.788696 0.000000 1238.079102 22.743700 2 27
1100.425415 48.292690 1156.417480 88.070633 2 27
1312.233398 0.000000 3600.279053 2160.000000 6 27
3623.717529 224.024033 3839.256836 337.795929 29 27
1694.527588 326.564453 3710.459473 2160.000000 66 27
