1101.914429 741.379578 1341.587158 1032.860596 2 242
1253.391235 278.786774 1367.618774 396.867798 2 242
1710.574951 645.078918 1882.167969 814.968506 2 242
864.709473 281.799194 985.396790 403.832794 2 242
1075.463989 95.255409 1153.321045 185.756256 2 242
1879.588989 1322.156006 2219.708740 1837.344238 2 242
1095.875854 23.985327 1168.066162 83.606293 2 242
9.570893 1707.574219 439.026733 2160.000000 2 242
1708.377686 620.205322 1899.452881 808.241333 7 242
3624.696533 227.818787 3837.682617 340.725494 25 242
