848.351807 284.938416 985.681396 407.599152 2 297
1059.320312 261.352844 1171.876465 374.017395 2 297
990.470215 828.842407 1252.046143 1128.002441 2 297
1290.188843 29.717157 1341.345093 60.776535 2 297
1928.573853 1396.045654 2237.201172 1897.841187 5 297
1068.611206 33.161144 1192.308105 185.479309 7 297
1101.516235 0.000000 3586.819824 2131.208008 13 297
3610.243164 218.897995 3840.000000 344.652313 25 297
1241.276978 77.049171 3688.729004 2160.000000 63 297
1410.481079 248.767532 3742.704834 2160.000000 66 297
