379.999054 1186.058228 421.331085 1285.418213 0 321
858.217285 285.598389 987.004700 405.218903 2 321
1026.978516 352.715576 1157.877686 516.211609 2 321
303.981354 1624.647095 868.459595 2160.000000 2 321
1157.905762 68.184982 1230.989746 130.645752 2 321
1022.752258 294.599274 1160.981812 508.868378 5 321
1309.254883 29.162691 1383.158325 102.310921 6 321
1058.869751 68.389664 1203.778564 252.344955 7 321
1151.262329 85.767281 3537.005615 2160.000000 13 321
3607.845947 218.694977 3840.000000 342.214722 25 321
1286.982544 97.173378 3648.181885 2160.000000 63 321
1344.388428 287.273346 3586.459961 2160.000000 66 321
