971.959961 843.003662 1237.862915 1181.452271 2 299
1063.258057 256.669006 1165.682251 382.987488 2 299
856.257202 281.693115 987.007690 401.355042 2 299
1296.779541 24.408072 1352.785034 63.007046 2 299
1146.527344 28.911722 1201.267334 78.124290 2 299
1941.508423 1491.742554 2284.715332 2024.794189 5 299
1165.576416 72.810745 3506.254883 2154.686768 6 299
1066.155762 53.976284 1189.705078 195.504440 7 299
1336.211060 95.445206 3595.318359 2133.048096 13 299
1670.771606 404.489807 3709.585938 2110.648682 66 299
1923.855225 1438.120850 2284.227295 2046.403076 67 299
