999.881470 893.517578 1263.786499 1173.324463 2 37
1528.055786 290.316467 1638.019775 413.227814 2 37
1058.661499 234.660400 1185.383789 330.499634 2 37
856.477539 284.527924 985.225464 407.724243 2 37
1247.159790 189.034760 1337.181519 270.222107 2 37
1247.143677 326.272522 1366.443726 437.330109 2 37
1160.277710 567.209351 1332.989868 731.139282 2 37
1210.544678 86.253372 1279.267822 124.928391 2 37
1429.648438 175.942596 1519.183105 263.461761 2 37
1085.492920 101.997177 1161.964600 170.316803 2 37
1325.461548 32.983131 1382.202271 75.344002 2 37
1100.331421 58.498646 1160.699707 97.386925 2 37
1065.777954 195.556854 1165.703857 254.495529 2 37
1133.679199 127.743866 3538.749756 2120.454102 13 37
3609.081787 217.174286 3840.000000 340.207184 25 37
1268.153076 111.731522 3667.357422 2144.406250 63 37
1626.979126 318.347839 3754.358154 2160.000000 66 37
