533.609619 985.292297 922.249817 1374.795166 2 221
610.686462 1404.268555 1098.923462 1995.705566 2 221
1849.336304 908.365601 2091.101807 1228.954346 2 221
862.325684 285.499634 986.062622 403.834045 2 221
1221.501953 518.347961 1383.267700 698.158447 2 221
1638.511475 483.232239 1805.683594 620.248657 2 221
1239.224243 186.556534 1333.033203 284.305786 2 221
1078.051758 64.745575 1151.051514 143.895599 2 221
3611.489258 219.065765 3840.000000 341.734741 25 221
1673.602417 339.547455 3711.827148 2152.338867 63 221
1491.063477 295.598114 3675.008057 2160.000000 66 221
