1753.360718 1175.625366 2062.685303 1641.947388 2 134
1725.370605 646.011597 1904.098877 854.545654 2 134
546.511230 1591.919556 1074.083496 2153.132324 2 134
858.902527 282.277313 985.499207 402.885681 2 134
1074.248779 256.714203 1174.692749 355.561401 2 134
1273.459961 414.514038 1379.703369 532.376282 2 134
1528.223511 301.960938 1640.731323 411.762421 2 134
1025.699829 453.125580 1159.154785 576.962097 2 134
1247.510742 276.963715 1361.140503 365.109985 2 134
1222.777832 128.428680 1302.094238 200.832474 2 134
1391.638916 120.192825 1465.444336 191.459305 2 134
1190.907593 16.644230 1242.218384 57.594505 2 134
403.987244 981.252197 838.495789 1510.818481 5 134
390.824249 960.756531 848.609192 1534.405151 7 134
