863.167053 283.337738 984.994324 402.906982 2 314
1047.053589 337.658356 1166.867065 465.295685 2 314
583.567383 1286.692627 1060.236816 1808.697876 2 314
1151.295532 45.937210 1221.321899 111.588417 2 314
1310.199829 40.741764 1368.465332 86.089661 2 314
1272.858521 0.000000 1329.742310 27.312010 2 314
1180.737549 43.186680 3474.389893 2160.000000 6 314
604.961182 1262.314819 1043.692749 1839.883423 7 314
1062.230835 65.523949 1197.887207 231.625092 7 314
3615.260010 225.888168 3838.866699 343.019592 25 314
1371.737549 55.417553 3538.597900 2160.000000 38 314
