1753.129639 937.421692 2018.568726 1306.906006 2 120
1690.096191 557.538391 1856.792480 744.672607 2 120
980.269836 1042.420288 1302.551270 1403.414062 2 120
1483.844360 241.569092 1597.298218 344.032623 2 120
1245.842163 218.862183 1345.443115 302.754700 2 120
1056.941528 360.464966 1171.143677 485.617767 2 120
1274.869873 336.540039 1371.124878 427.924561 2 120
863.635010 287.596436 984.009521 404.510620 2 120
1077.385864 209.540848 1171.636475 297.992004 2 120
1214.198120 99.313766 1288.734863 163.701431 2 120
1362.902588 84.056908 1437.256836 148.030228 2 120
1181.343506 6.607818 1238.287476 41.922451 2 120
690.570618 749.897766 980.747864 1105.480469 5 120
697.009521 736.793335 1016.279114 1116.218628 7 120
