980.718689 458.411163 1152.388916 658.921021 2 339
1187.735596 105.360596 1265.520630 180.099670 2 339
862.765564 284.137787 984.889709 405.913910 2 339
1338.902832 69.126717 1409.114868 132.146759 2 339
1092.841187 31.013430 1151.490967 80.583054 2 339
1291.288086 15.833014 1344.093384 56.254459 2 339
1237.440552 1.900520 1288.498169 27.588614 2 339
1064.416992 113.028999 1202.517212 310.656708 7 339
980.370178 423.108093 1152.611816 644.644836 7 339
3615.739990 223.876633 3838.524414 343.332336 25 339
