865.130249 283.835999 981.218872 404.228302 2 337
987.450989 453.229034 1155.392822 644.835144 2 337
1186.847168 99.952576 1261.286865 167.710526 2 337
1335.206299 63.597218 1406.426025 128.349487 2 337
1093.718872 24.752253 1151.505127 80.941940 2 337
1290.773926 16.725483 1342.674194 53.104988 2 337
1241.219360 0.963879 1293.150146 28.684328 2 337
1065.822632 112.262703 1200.632446 304.484589 7 337
1199.350464 35.167923 3471.500977 2160.000000 13 337
3615.435059 223.459274 3840.000000 347.393524 25 337
