517.684021 1020.127075 555.673645 1120.712769 0 317
858.354614 283.231415 985.895203 402.827209 2 317
464.291840 1391.757568 1003.349365 2056.787354 2 317
1039.838013 362.253204 1166.244019 491.383057 2 317
1310.137329 47.079044 1377.187134 92.773811 2 317
1161.212769 66.253220 1226.960083 121.274063 2 317
1046.272827 18.251724 3397.330566 2160.000000 2 317
1064.916504 71.352310 1198.995239 236.346573 7 317
1190.678101 80.325844 3473.234619 2160.000000 13 317
3622.065430 222.455856 3837.765381 334.824005 25 317
1236.688477 261.231079 3432.106689 2160.000000 66 317
