510.272339 1028.205444 560.993042 1122.517090 0 330
1003.021851 412.714783 1165.681030 582.430420 2 330
859.117554 286.522614 987.494751 403.535706 2 330
1175.346924 79.997459 1252.818604 147.615723 2 330
1326.352783 77.283661 1391.321777 117.741386 2 330
1062.318237 95.702759 1206.192017 282.067780 7 330
1125.432617 102.519943 3555.793457 2157.317383 13 330
3610.086426 221.268188 3840.000000 340.627319 25 330
1279.520752 112.560303 3652.756104 2157.207031 63 330
1481.430420 312.310516 3686.979492 2160.000000 66 330
