828.295654 702.086060 1074.221191 931.011353 2 202
1570.363281 376.563812 1699.795654 507.358551 2 202
851.075134 284.426636 985.815674 401.938690 2 202
1221.965454 124.775154 1311.949463 212.378525 2 202
1025.680298 876.221863 1311.765869 1170.904053 2 202
1238.127563 372.175018 1375.952393 529.204163 2 202
1082.995972 43.894726 1152.848633 108.967659 2 202
509.160492 1953.217529 902.646240 2147.760254 2 202
0.000000 1608.477539 518.579834 2133.672119 2 202
1769.208130 705.557068 2000.463257 947.771240 7 202
1135.712891 147.743332 3537.767334 2114.646484 13 202
1586.227783 121.739265 3784.256592 2156.418457 63 202
1623.863037 357.662994 3768.805176 2160.000000 66 202
