374.574341 1192.353271 438.570557 1292.288940 0 110
1121.098267 911.610657 1346.066650 1068.499756 2 110
844.904114 287.012665 988.918823 398.225891 2 110
1064.683350 325.629608 1187.582397 421.828400 2 110
1193.825806 67.526489 1297.298096 153.648254 2 110
824.166138 597.815063 1073.453979 920.783569 5 110
583.909668 569.043152 2904.074219 2160.000000 6 110
787.261963 603.053955 1078.807251 905.602966 7 110
1116.187866 809.511169 1365.528076 1060.832764 7 110
1288.673340 132.132675 3616.539307 2114.876221 63 110
1339.830688 368.651489 3579.882080 2160.000000 66 110
