960.379578 955.552979 1236.798706 1288.590698 2 40
1537.065308 316.461975 1660.084229 432.249847 2 40
857.756042 284.023346 985.564819 401.895203 2 40
1149.400024 600.810791 1324.225708 786.587769 2 40
1249.137817 346.194733 1369.124023 460.801605 2 40
1059.269043 227.813522 1180.940186 342.004730 2 40
1429.963989 183.973267 1520.251221 269.113861 2 40
1321.100708 43.086086 1385.816895 92.141525 2 40
1240.452515 189.983932 1332.942017 277.649323 2 40
1093.963013 58.073841 1153.843994 102.714378 2 40
1217.303223 81.916519 1277.506226 128.888168 2 40
1089.455811 114.587280 1160.544312 173.831741 2 40
1190.752319 0.770531 1248.994751 37.685047 2 40
1187.485718 105.329010 3459.856934 2139.576416 13 40
3613.539062 219.089462 3840.000000 334.978516 25 40
1216.669067 294.418823 3436.485840 2160.000000 66 40
