383.527100 1182.965820 418.435181 1284.805420 0 74
1534.577393 305.288300 1655.422974 433.908203 2 74
1182.002563 654.320923 1362.927979 839.075989 2 74
583.465942 1370.931396 1057.778320 1932.617920 2 74
865.404053 280.562195 984.790161 402.157959 2 74
1008.608154 371.903900 1181.540527 536.435364 2 74
1376.480957 108.630348 1451.448486 172.866318 2 74
1086.249390 184.686234 1171.425415 265.655914 2 74
1252.754639 372.562622 1375.377930 506.097992 2 74
1201.754272 25.865305 1267.030518 81.893517 2 74
1305.506226 12.887076 1354.086426 58.608509 2 74
1250.267212 163.201431 1313.855835 217.052292 2 74
1083.336792 100.588470 1158.720703 168.556931 2 74
1226.007935 97.470299 1302.755005 156.833481 2 74
1658.491089 498.826538 1828.744141 689.570251 2 74
1251.929688 142.003555 1306.454590 190.155472 2 74
1657.263550 514.122375 1814.731323 697.654480 5 74
3222.899170 1021.048889 3816.744873 2160.000000 38 74
