1256.566650 289.565735 1368.958008 411.484192 2 244
1087.594971 769.600281 1327.559692 1062.396362 2 244
1873.015747 1361.810425 2226.977783 1930.711792 2 244
861.223206 282.726166 986.425293 399.985992 2 244
1074.506348 86.400940 1156.460205 191.373245 2 244
770.647888 305.622681 863.490479 468.373016 2 244
1090.338257 16.840725 1163.559937 88.892952 2 244
0.000000 1810.510376 371.762054 2149.004150 2 244
1720.633301 658.180481 1894.877197 838.885193 7 244
3615.646484 219.702057 3837.943359 338.981750 25 244
