1713.295776 657.589600 1907.903687 917.880859 2 94
947.170166 1027.250488 1274.677002 1329.116699 2 94
1224.682739 559.649597 1391.843384 736.717834 2 94
854.495239 284.705658 987.317139 402.201660 2 94
1419.992432 159.466080 1504.429199 238.360275 2 94
1079.906128 240.992310 1173.591797 343.195374 2 94
1262.387207 219.586594 1335.270264 287.361023 2 94
1600.960815 394.801819 1749.360474 551.772156 2 94
1238.771606 134.765167 1313.080200 205.901169 2 94
1079.497314 140.820572 1164.034546 226.351425 2 94
1323.411377 41.616093 1388.543579 93.629486 2 94
1208.659546 53.018642 1272.946533 109.534256 2 94
940.507141 469.937073 1147.262939 706.885376 5 94
1707.613647 641.584106 1911.722412 907.922241 7 94
3619.989258 221.845078 3836.760986 344.283112 25 94
