925.415649 1160.648926 1217.255493 1537.770630 2 186
461.354340 1062.317749 863.508179 1464.293457 2 186
861.155029 284.652435 985.768982 405.505463 2 186
958.016846 553.185974 1141.243164 712.038452 2 186
1247.522095 291.876862 1350.260986 416.765991 2 186
1519.286621 305.547516 1634.481934 420.568420 2 186
1210.136841 91.856911 1283.454834 164.291367 2 186
1181.262817 665.970459 1362.328979 838.724487 2 186
1091.873291 39.323841 1152.754517 86.603386 2 186
1168.580566 101.072380 3510.566895 2153.807617 2 186
1812.307983 1181.871582 2084.651855 1622.979004 5 186
1731.107666 589.872192 1897.986694 764.335083 7 186
938.813843 1155.729126 1232.721191 1541.059082 7 186
1602.681396 132.212219 3764.243164 2124.304932 63 186
1654.123901 380.389465 3740.827148 2142.836182 66 186
