941.879089 966.599060 1261.269531 1243.135010 2 39
1147.588623 597.785645 1332.587402 776.434570 2 39
851.273865 282.723633 984.161377 405.915161 2 39
1247.349365 341.452881 1370.563599 454.103241 2 39
1429.834961 178.683350 1519.391357 267.993713 2 39
1211.936279 90.496666 1279.862183 130.208008 2 39
1054.849487 234.037155 1187.942261 337.877411 2 39
1249.625122 207.428619 1336.337280 283.538452 2 39
1079.263062 109.328438 1166.587646 175.756866 2 39
1540.048096 296.464569 1649.136597 430.451996 2 39
1321.622192 47.473751 1385.109741 89.278671 2 39
1093.535889 53.280941 1159.558716 103.516380 2 39
1193.776733 3.750686 1240.333374 35.288086 2 39
1137.549561 153.293716 3543.877930 2101.459229 13 39
3606.851807 217.522308 3840.000000 338.714325 25 39
1575.480957 113.568069 3784.425049 2134.220947 63 39
1620.514648 317.383789 3759.479004 2160.000000 66 39
