488.278625 1533.025024 1049.854370 2140.981445 2 109
1735.068481 792.216431 1973.146729 1108.219238 2 109
1655.004639 486.534424 1817.138306 657.674438 2 109
1270.993164 278.951904 1356.601807 364.164612 2 109
1459.301514 207.580368 1554.257324 294.603058 2 109
1074.906372 310.073883 1173.071289 416.701904 2 109
865.015503 282.948761 984.414307 409.032654 2 109
1248.314453 181.103195 1327.669922 262.113861 2 109
1213.007812 78.610031 1282.639404 142.609177 2 109
1076.149292 178.993713 1165.496216 261.076233 2 109
1133.405762 801.941284 1371.044312 1035.874268 2 109
1182.152710 0.637264 1230.265381 28.322924 2 109
1346.689087 65.723244 1417.185791 128.064987 2 109
837.798706 603.090698 1073.348877 904.147156 5 109
