581.102478 1411.266113 1039.365479 1998.199219 2 7
864.017090 279.388824 985.475647 402.633698 2 7
1219.446899 316.335175 1333.129517 445.300903 2 7
1437.714111 173.929016 1530.277832 266.906525 2 7
1079.829590 142.921707 1172.834106 227.756989 2 7
1244.761475 183.776428 1327.854980 273.455536 2 7
1220.928223 482.970856 1349.921021 618.379639 2 7
1096.519897 53.727489 1157.671631 104.409935 2 7
1355.905762 105.828659 1432.786987 161.349899 2 7
1220.011353 94.891769 1292.156494 154.593994 2 7
1193.700317 19.357908 1249.005005 65.355148 2 7
1283.817017 0.351219 1330.172729 32.211571 2 7
1669.826660 1502.993286 2094.294678 2160.000000 2 7
1180.652710 42.303082 3483.092529 2160.000000 2 7
1103.070679 34.142876 1147.390869 65.808563 2 7
