287.725800 1272.662354 334.808044 1378.508301 0 196
187.869720 1373.731079 247.379425 1494.504639 0 196
1103.712402 790.407227 1336.634277 1039.246216 2 196
1804.440063 1440.198608 2121.390869 1995.231567 2 196
900.194946 660.302002 1093.229370 841.991333 2 196
861.566589 283.723175 985.188721 403.726379 2 196
1249.383423 349.260620 1364.934082 477.870239 2 196
1548.845825 352.257019 1674.819458 471.740662 2 196
1091.742188 43.762032 1151.996216 92.819992 2 196
97.881340 1350.680176 661.282959 1879.633423 2 196
1218.927002 118.590195 1297.484985 193.486511 2 196
1751.193604 690.545959 1983.262573 877.044128 2 196
1737.654663 659.468933 1966.482544 871.996033 7 196
616.686890 1541.881226 1043.261475 2153.867676 7 196
