1849.412354 980.840088 2127.428711 1325.000977 2 226
441.055695 1647.274170 1017.240112 2154.875000 2 226
394.149902 1117.640015 839.497070 1574.662109 2 226
1249.771973 203.733658 1342.418823 309.607758 2 226
1197.697266 571.804932 1374.169922 761.993835 2 226
859.137268 283.596710 985.705994 403.391846 2 226
1079.116577 68.058701 1153.714844 153.453812 2 226
1095.335327 21.439131 1155.896118 64.224243 2 226
1649.804199 502.506378 1811.797119 677.681763 7 226
3611.709717 224.681610 3840.000000 339.333313 25 226
