1669.983276 481.728027 1819.220337 631.314636 2 170
1786.977539 936.456360 2031.500610 1272.863281 2 170
765.791138 799.230286 1018.240051 1034.829590 2 170
1233.147461 231.781189 1332.911133 332.737061 2 170
1156.477661 791.621460 1345.100952 1031.794434 2 170
854.218994 282.584595 989.496887 401.531738 2 170
1229.036865 493.729919 1382.919434 630.143250 2 170
1477.962280 234.091400 1570.067505 329.783447 2 170
1028.809326 455.663300 1163.828369 574.041687 2 170
1199.323486 48.778149 1277.676392 122.231133 2 170
1097.606689 23.898180 1151.002075 64.151283 2 170
772.848633 785.234497 1040.230957 1040.488037 7 170
