862.486694 285.502380 984.217224 401.853546 2 26
1492.414917 252.746414 1600.320068 354.954742 2 26
1256.322144 271.202545 1355.980957 367.214783 2 26
1125.964233 694.041077 1327.177612 914.363403 2 26
1397.430664 145.120804 1478.859253 225.329010 2 26
1303.899048 23.356359 1357.309082 62.339169 2 26
1066.332764 175.529007 1178.108521 284.526672 2 26
1198.982178 458.443207 1331.212280 603.693176 2 26
1217.286621 60.813156 1263.899536 98.796440 2 26
1237.237427 156.571182 1313.409058 221.284317 2 26
1094.887085 86.386238 1157.767090 143.406937 2 26
1219.257080 31.256102 1262.273682 66.119270 2 26
1099.579712 48.180824 1153.658813 85.780159 2 26
1319.436279 30.075758 3586.312256 2160.000000 13 26
1665.118408 327.286133 3695.581299 2152.932617 66 26
