853.658264 284.623352 986.927551 403.385803 2 330
1175.068237 84.106003 1248.630859 148.377670 2 330
1322.097778 52.761951 1395.733154 117.351486 2 330
1284.784302 10.046138 1337.372803 43.184792 2 330
990.241089 410.440948 1161.429321 578.602722 2 330
1064.508545 100.779587 1204.817871 281.143433 7 330
1004.790283 408.976807 1167.494873 579.450500 7 330
1082.900391 115.380356 3593.596191 2141.952148 13 330
3611.329102 221.491684 3840.000000 338.303345 25 330
1550.808960 85.370628 3807.681152 2160.000000 63 330
1588.801758 340.723999 3792.104736 2160.000000 66 330
