783.731018 1236.184814 1176.927246 1693.280518 2 216
654.982056 901.209229 967.727112 1236.971436 2 216
1229.896973 483.842560 1383.306152 647.397156 2 216
1240.936401 170.288986 1326.141724 262.380524 2 216
861.666443 280.933105 986.702332 403.915192 2 216
1078.452637 63.935905 1150.422241 128.514282 2 216
1825.607910 845.004700 2067.465820 1129.078613 2 216
1621.197754 437.496063 1760.977783 594.037231 2 216
1097.585083 20.735434 1150.009277 55.091167 2 216
1312.051514 73.233711 3595.026367 2160.000000 4 216
796.846375 330.769714 855.356567 462.555756 9 216
1861.707642 578.039246 3744.870361 2156.194092 66 216
