1854.631958 1000.175781 2123.790039 1330.339722 2 227
1250.105835 210.868713 1341.127808 314.275238 2 227
1196.356689 573.597900 1372.867432 771.193176 2 227
419.768372 1699.941895 999.371277 2160.000000 2 227
356.762634 1135.878906 804.999146 1621.627075 2 227
858.933228 282.196747 986.322266 401.328369 2 227
1650.335938 525.183777 1818.378174 682.473389 2 227
1078.901733 78.464294 1152.432617 152.289948 2 227
1094.735596 27.196882 1154.260620 64.901161 2 227
3614.302002 222.160706 3840.000000 340.207642 25 227
