1736.026367 759.051331 1963.437134 1086.082886 2 107
1073.441406 302.687744 1173.378174 406.963562 2 107
1665.873901 480.001801 1819.390259 638.692688 2 107
611.991333 1389.130737 1082.059692 2030.607788 2 107
1272.746094 278.793274 1350.351929 348.398315 2 107
863.357422 283.471069 984.964539 403.709076 2 107
1246.992676 177.158310 1326.793701 256.265808 2 107
1210.669800 71.331879 1282.036621 139.037247 2 107
1156.548340 740.628418 1378.380127 989.812744 2 107
1076.730103 176.578094 1171.435303 255.625870 2 107
1461.120239 199.770233 1549.339111 290.508820 2 107
1345.217773 54.183937 1408.060913 118.574577 2 107
1178.928589 0.000000 1231.490845 27.463301 2 107
1682.812866 743.673889 1979.673950 1079.925781 6 107
854.755615 579.242004 1100.379883 874.410278 7 107
594.963989 1370.489258 1054.625732 2040.505005 7 107
1713.989380 696.803223 1971.155273 1073.678711 7 107
1207.726929 359.206909 3442.536865 2160.000000 66 107
