1474.616699 226.579849 1572.704712 323.760101 2 20
861.816223 281.498199 987.079163 403.516266 2 20
1166.463013 615.127930 1340.191895 793.497803 2 20
1252.149536 245.582764 1347.277344 336.587097 2 20
1202.052124 396.289185 1335.740356 541.401184 2 20
1384.589233 131.177216 1464.432129 202.265152 2 20
1230.705078 128.271439 1305.117065 191.235001 2 20
1076.591553 166.073898 1178.074829 269.015808 2 20
1295.196533 5.443382 1353.890137 49.948307 2 20
1089.086304 66.139236 1158.419189 135.693741 2 20
1211.371582 47.900330 1259.839111 87.580315 2 20
1219.869019 26.114328 1260.887939 62.829376 2 20
1076.372681 142.147522 1176.028809 265.317535 5 20
