1814.811279 788.215210 2042.506104 1059.161621 2 211
1601.123657 418.199127 1741.997192 560.864380 2 211
851.145874 284.345398 987.156006 399.938263 2 211
900.844604 1074.764526 1238.268311 1482.854370 2 211
703.619568 836.513306 1008.937744 1129.352783 2 211
1238.802124 441.896881 1381.716919 601.757080 2 211
1230.431152 156.415085 1319.557983 245.017303 2 211
1082.992188 49.528595 1149.878418 118.653542 2 211
1803.356445 1970.256592 2176.010498 2148.663574 2 211
1098.568115 2.606621 1160.266846 44.884296 2 211
3612.259521 223.279709 3840.000000 342.136200 25 211
