866.932983 635.256897 1093.269531 858.041321 2 106
1741.047363 765.476379 1959.647949 1070.118530 2 106
1074.994263 298.644073 1175.761353 399.076965 2 106
1654.167358 472.639465 1813.950928 627.657959 2 106
1154.266602 747.427307 1377.902222 970.620056 2 106
862.886536 284.659637 985.554138 405.023315 2 106
1273.450439 268.045563 1353.828003 347.426575 2 106
1208.816284 70.395126 1280.384155 138.075821 2 106
1448.705200 199.426331 1542.026001 288.401642 2 106
1246.810181 180.266983 1326.143066 250.139801 2 106
1346.051636 74.949013 1406.247070 120.401566 2 106
1074.773438 177.822632 1171.821167 254.830383 2 106
627.400330 1338.547852 1105.079956 1929.386108 7 106
1664.226685 473.345703 1821.207520 633.892761 7 106
877.239197 575.744995 1119.644165 794.193481 7 106
1726.199951 727.597717 1969.947876 1060.438599 7 106
1118.750854 128.170502 3545.610107 2139.934814 13 106
1588.709351 115.391685 3782.277100 2142.971436 63 106
1631.102783 370.492828 3763.453369 2160.000000 66 106
