1489.641846 0.000000 3666.274170 2160.000000 0 79
1550.854980 331.756073 1682.695435 456.956940 2 79
1129.271851 713.827271 1356.711304 932.329529 2 79
1253.749512 425.817017 1381.682373 557.483826 2 79
1252.487549 167.362854 1319.145996 228.401749 2 79
1307.242554 17.304382 1361.800415 65.387192 2 79
1386.904175 118.308044 1463.547485 189.981415 2 79
859.332886 283.893463 986.992004 402.648560 2 79
1005.050659 394.201569 1171.843872 577.383728 2 79
1087.287109 205.580276 1171.694336 283.697662 2 79
1227.858154 102.807076 1304.829590 166.135696 2 79
351.859344 1674.872559 932.508362 2140.513428 2 79
1084.492188 111.574570 1161.418213 179.528381 2 79
1202.888916 24.804838 1266.853516 87.551987 2 79
1676.045288 546.890137 1840.500732 748.489685 5 79
1314.618286 0.000000 3607.076172 2160.000000 6 79
