672.704041 1306.531372 1077.706055 1749.970703 2 51
1246.102783 434.155396 1372.663208 556.278076 2 51
855.051392 285.675201 985.575195 406.750000 2 51
1087.291748 135.809784 1167.397461 199.516739 2 51
1572.154419 371.943024 1708.694580 498.245758 2 51
1252.594238 229.497513 1355.730469 343.769958 2 51
1068.862793 762.106750 1282.818481 996.607422 2 51
1050.236938 250.020325 1176.194946 380.423462 2 51
1455.056519 210.562805 1558.072266 318.773773 2 51
1091.760742 77.946617 1162.780029 125.647079 2 51
1190.641357 7.311630 1256.610229 46.345936 2 51
1339.953735 75.305496 1403.898926 115.350319 2 51
1237.289307 102.762390 1291.213501 156.406158 2 51
1042.409058 242.626755 1171.969482 398.194305 5 51
1133.612793 140.862122 3550.452881 2123.803223 13 51
3607.354980 218.675873 3840.000000 338.651611 25 51
1617.007324 305.985016 3754.613037 2160.000000 63 51
1445.743774 283.542938 3726.773926 2160.000000 66 51
