956.613647 1001.306274 1278.504517 1318.936035 2 207
859.598267 284.429626 985.046509 404.126099 2 207
1241.690552 418.516357 1381.364990 560.801880 2 207
1228.478516 143.217316 1314.642944 229.849075 2 207
784.542542 766.661438 1039.065674 983.050415 2 207
1589.672119 406.717041 1722.949585 536.549377 2 207
1081.395020 45.271393 1153.872070 113.790947 2 207
1807.996826 760.060547 2017.512695 1007.367859 7 207
1138.399292 157.689392 3542.317871 2115.584473 13 207
1583.295654 87.975533 3780.316650 2160.000000 63 207
1639.973022 329.490601 3750.745117 2160.000000 66 207
