1111.593994 696.798889 1302.704590 915.219910 2 47
784.516846 1171.639160 1166.976074 1550.201904 2 47
1447.577026 205.956329 1543.073364 295.200562 2 47
858.906677 281.884674 984.434814 405.764221 2 47
1256.730103 236.991562 1343.984741 316.573547 2 47
1560.687866 347.752747 1686.174316 477.737701 2 47
1056.500122 250.724823 1177.839966 374.561798 2 47
1325.872437 51.674477 1396.433472 106.837173 2 47
1085.223511 125.812103 1163.108032 193.595917 2 47
1242.794800 393.532990 1377.063965 519.631348 2 47
1194.518188 1.130104 1253.602417 45.699574 2 47
1218.833252 52.514072 1287.001587 96.750519 2 47
1219.491333 85.075890 1285.262817 140.900803 2 47
1087.073486 57.348057 1154.800415 112.603905 2 47
1550.261719 315.169586 1680.483521 472.368378 5 47
1052.772583 236.746658 1170.336182 375.895599 5 47
3617.887207 219.311020 3837.782715 341.265198 25 47
