571.580688 1372.720093 1063.024902 2141.207275 2 270
1796.867798 888.515442 2014.265137 1182.953979 2 270
843.478760 284.733917 988.347656 401.265198 2 270
1209.796509 478.797760 1367.928711 636.734680 2 270
1092.320679 35.717697 1171.631836 127.214806 2 270
1054.638428 137.075500 1156.519897 269.981689 2 270
1273.164307 0.000000 1324.999146 23.607157 2 270
1789.099121 913.021851 2020.282227 1173.076538 7 270
563.806946 1229.424561 1064.719849 2073.424072 7 270
3614.192627 224.031128 3839.512939 336.024384 25 270
