959.017395 936.662109 1234.983398 1260.535522 2 60
1479.978760 253.086655 1597.156128 359.082520 2 60
856.639465 283.794708 986.873108 402.863586 2 60
1027.115601 292.853943 1185.230591 446.431824 2 60
1218.818115 492.451263 1372.733887 646.597656 2 60
1350.100830 69.443947 1420.768799 132.515717 2 60
1252.735229 293.250702 1366.164062 398.533844 2 60
1085.024414 156.790909 1165.234253 225.504669 2 60
1086.547607 89.042870 1156.149414 140.650970 2 60
333.714233 1819.114990 820.833923 2156.998535 2 60
1239.123169 113.962433 1299.775879 177.799408 2 60
1220.094360 71.814308 1288.875244 125.586884 2 60
1285.490234 0.765724 1336.383301 36.544189 2 60
1197.772949 9.809016 1258.472778 62.815071 2 60
1603.927979 425.442230 1748.190308 562.101807 2 60
1601.222534 406.792816 1748.211670 569.923523 5 60
1037.385864 292.511322 1177.126465 448.235168 5 60
1232.940552 310.795990 3420.561035 2160.000000 13 60
1384.748169 316.000641 3552.635010 2160.000000 66 60
