382.707581 1172.656738 422.219513 1279.995972 0 190
936.139832 591.864136 1118.563477 766.731445 2 190
1533.405029 324.337799 1652.945435 440.331207 2 190
1730.645630 610.500244 1940.662720 804.573303 2 190
346.729523 1154.856445 785.765381 1617.671509 2 190
817.993103 1317.134521 1160.538086 1733.998901 2 190
1244.009644 316.147034 1354.374634 443.652954 2 190
1147.565674 713.965820 1362.896484 918.136230 2 190
1803.510986 1287.500366 2105.547119 1751.061035 2 190
861.038208 283.172241 986.456970 402.224213 2 190
1205.586426 95.189720 1294.079712 180.100006 2 190
1094.185913 42.183434 1152.141357 89.270721 2 190
817.896667 1376.178101 1152.972046 1755.169312 7 190
1892.578369 382.278656 3721.954834 2158.498291 66 190
