1814.944946 805.094788 2049.333252 1063.679932 2 212
699.559814 834.910339 1005.244751 1148.973511 2 212
1597.302368 420.642914 1747.936890 562.317322 2 212
1228.182373 449.034882 1390.552246 612.913147 2 212
856.974060 284.676117 987.419739 403.471497 2 212
1230.441284 150.659164 1325.491821 248.700241 2 212
1084.416260 45.638348 1152.198486 122.221291 2 212
1764.820557 2013.817627 2160.110840 2147.402588 2 212
1101.623535 3.438663 1155.913696 44.362274 2 212
852.125610 1097.838257 1221.013794 1510.108521 7 212
