575.493958 965.211792 610.842651 1057.241333 0 229
1847.292358 1028.662720 2139.285156 1390.443848 2 229
859.436707 280.076508 985.214844 402.207153 2 229
1666.649414 537.072449 1825.092041 706.693604 2 229
1188.592407 591.562927 1368.670654 801.960510 2 229
1249.805176 225.688126 1344.060791 325.268646 2 229
313.871429 1191.282959 780.651672 1650.411621 2 229
1093.997925 26.287649 1160.520142 69.613037 2 229
1046.454834 65.673004 1153.827881 153.110718 2 229
424.324188 1817.539307 927.516296 2148.831055 2 229
