1485.638184 239.699234 1590.809814 336.722473 2 23
866.112305 286.740417 984.446594 403.240784 2 23
1069.991699 173.449280 1177.813599 280.310547 2 23
1256.017334 253.958694 1351.048096 357.123047 2 23
1147.121338 656.443481 1339.965942 842.520996 2 23
1391.442017 134.143524 1471.724243 212.153992 2 23
1201.045654 428.494934 1338.085938 574.858215 2 23
1300.682129 20.521887 1350.825317 58.637234 2 23
1234.653076 136.560516 1310.256226 202.730927 2 23
1093.973877 84.202530 1156.228149 139.153168 2 23
1214.177368 46.576591 1261.543701 90.622841 2 23
1102.461060 50.847813 1153.169312 85.942604 2 23
1168.400513 47.807575 3491.166504 2160.000000 13 23
3617.990234 222.110703 3836.999756 340.413757 25 23
