575.225464 968.473938 611.370911 1053.190186 0 343
460.155731 1102.490845 493.169373 1195.663086 0 343
1195.140625 121.042892 1272.664062 194.579193 2 343
857.362000 286.905426 984.467651 408.011383 2 343
1344.586792 78.579651 1422.336304 141.012726 2 343
950.521057 500.147858 1150.500366 711.290894 2 343
1085.377563 221.668839 1210.640381 337.797516 2 343
1299.077759 32.170486 1349.982666 63.884121 2 343
957.562256 478.029419 1148.101074 706.962036 7 343
1061.065674 103.686043 1200.203857 319.316223 7 343
1163.840454 60.558353 3513.235107 2160.000000 13 343
3613.556396 219.029831 3840.000000 342.359833 25 343
1298.415894 60.766636 3636.212646 2160.000000 63 343
1492.078247 285.746368 3683.852539 2160.000000 66 343
