383.070862 1185.466187 421.126831 1284.439697 0 195
1112.258423 764.311279 1345.822510 1011.361511 2 195
1737.067627 650.535339 1957.759033 861.062683 2 195
1806.552368 1387.489624 2114.769531 1933.153076 2 195
1250.506592 349.644226 1360.671997 473.242920 2 195
1550.470703 348.834656 1670.076538 463.558258 2 195
867.839172 283.438904 982.763733 405.116608 2 195
906.436462 655.970825 1094.055176 832.390442 2 195
179.262756 1332.703369 661.485779 1825.396118 2 195
678.108704 1512.516113 1078.584351 2055.595459 2 195
1095.445679 40.057922 1147.862183 92.083336 2 195
1215.401855 116.013786 1295.740112 192.631973 2 195
663.078857 1552.015869 1062.435303 2070.023926 7 195
