1162.041382 555.085693 1337.593750 715.984558 2 35
858.336914 285.555359 987.553345 410.775482 2 35
1521.668945 286.480743 1632.532715 401.615387 2 35
1250.328247 313.849060 1365.272339 427.295929 2 35
1031.197754 872.570740 1269.617798 1118.407471 2 35
1061.006226 204.214081 1180.381592 315.861023 2 35
1243.851807 184.667236 1328.693726 261.864258 2 35
1084.606812 96.541267 1162.499634 170.960526 2 35
1414.590698 146.754669 1505.030151 256.769714 2 35
1217.987549 80.075447 1273.980225 120.473434 2 35
1317.938965 35.200310 1369.632812 73.082199 2 35
1094.960571 56.555382 1159.321411 95.178276 2 35
1143.414917 136.053192 3544.138428 2110.890137 13 35
3608.874023 218.077805 3840.000000 340.557037 25 35
1255.899292 109.064247 3685.625977 2147.702637 63 35
1621.044434 318.089417 3754.834229 2160.000000 66 35
