457.421021 1102.905029 495.764160 1200.190796 0 338
510.979584 1026.756104 558.810059 1122.760376 0 338
575.506897 966.608215 610.998596 1052.380981 0 338
970.853210 466.749329 1157.567871 652.884705 2 338
862.487488 284.929260 986.110779 405.057648 2 338
1186.871582 97.781746 1265.129761 176.121582 2 338
1331.426270 65.253464 1417.698975 135.551147 2 338
1058.390015 104.092247 1204.982910 310.527405 7 338
1142.781860 68.405914 3544.503662 2160.000000 13 338
3614.005615 218.216049 3839.675293 343.474609 25 338
1263.744263 65.629234 3667.890869 2160.000000 63 338
1370.712280 314.347656 3561.407227 2160.000000 66 338
