1757.689941 1167.188110 2062.141357 1614.711182 2 133
560.566956 1527.549927 1086.974243 2157.108154 2 133
1274.714233 410.694794 1380.721436 529.668274 2 133
1251.764771 262.848358 1360.540894 369.808014 2 133
861.666565 283.908234 983.870239 405.901093 2 133
1523.118164 295.567902 1635.227905 410.548309 2 133
1071.152100 258.951508 1177.833862 353.830353 2 133
1026.265869 429.746002 1160.754150 578.401306 2 133
1387.316040 96.916977 1465.068359 191.632111 2 133
1216.721802 114.163734 1298.083618 204.687180 2 133
1189.493286 20.466955 1246.406616 61.838261 2 133
422.271149 951.333130 864.776550 1481.482422 5 133
1716.740479 641.252014 1906.452148 850.445007 7 133
397.659271 946.698486 885.336304 1495.580444 7 133
1643.888306 134.337845 3748.303711 2130.910645 63 133
1663.951172 386.374939 3745.916504 2134.207764 66 133
