976.767822 471.973877 1149.308594 683.405090 2 341
858.204041 282.279144 986.664551 402.392212 2 341
1341.538574 69.205109 1410.750488 132.267380 2 341
1187.150757 110.550552 1267.369019 180.966782 2 341
1092.936646 30.712450 1151.970581 81.978317 2 341
1292.761963 24.294203 1351.294800 58.921391 2 341
1236.209106 0.312824 1288.359253 27.839869 2 341
1087.784302 192.080948 1203.382935 326.756165 2 341
1070.143433 121.894562 1194.789551 319.342224 7 341
3613.585938 225.482697 3839.460693 336.191925 25 341
