1107.308472 802.677795 1332.335571 1041.763428 2 196
890.813599 652.526489 1108.525024 840.242798 2 196
1250.783447 345.528809 1361.865234 476.390381 2 196
858.553894 284.231873 985.465698 402.899292 2 196
1546.464355 350.067993 1674.986938 464.769379 2 196
1092.062744 42.220226 1154.663696 94.775040 2 196
1212.569092 116.181557 1300.421997 195.938858 2 196
151.117371 1377.150757 640.198853 1876.479858 2 196
1731.538940 660.469177 1967.126953 873.521973 7 196
633.816956 1576.795288 1027.393066 2152.394531 7 196
112.649513 1340.686768 661.040039 1894.744141 7 196
1593.622803 125.757172 3776.906250 2134.920898 63 196
1627.996826 387.817352 3768.251953 2146.331543 66 196
