821.247620 742.724487 1058.734375 962.404114 2 166
1643.327148 458.193146 1811.269531 605.120422 2 166
1034.090332 422.375763 1169.108887 547.771667 2 166
1781.022827 894.292114 2018.193359 1205.988647 2 166
862.572449 283.002533 987.160645 401.977142 2 166
1237.251343 215.359604 1327.831177 317.111542 2 166
1468.107056 228.415588 1557.740845 318.160370 2 166
1200.587646 52.983452 1275.035156 117.289062 2 166
1185.387329 747.155212 1347.175659 948.468872 2 166
1245.866455 482.906189 1381.796143 607.938416 2 166
1094.861694 20.419577 1150.198730 57.634159 2 166
1317.403564 0.000000 3585.900146 2160.000000 6 166
1185.524658 724.342773 1353.349731 936.664978 7 166
