1043.114868 922.742126 1313.212280 1289.480835 2 117
1063.089355 347.156494 1176.484009 463.520721 2 117
1249.515259 213.856415 1343.413696 294.907349 2 117
863.403381 285.232178 984.607971 404.387604 2 117
1355.399902 73.892891 1423.452515 140.821838 2 117
1738.540283 901.033264 2006.482666 1242.788940 2 117
1213.127319 92.915550 1289.221191 163.544418 2 117
1274.640625 327.384888 1369.693115 408.170807 2 117
1683.782593 543.196899 1856.767456 724.200500 2 117
1473.053833 231.449875 1571.992676 331.809052 2 117
1070.388306 198.145737 1178.270142 290.859589 2 117
1178.531616 6.224498 1238.354492 42.681824 2 117
1081.876587 134.424591 3369.487549 2147.187500 2 117
720.874817 688.351074 1045.355835 1053.562500 7 117
1042.086426 924.167908 1369.978638 1287.961914 7 117
1589.563477 74.460175 3786.555176 2160.000000 63 117
1619.132080 350.283844 3773.540283 2160.000000 66 117
1708.689453 944.000854 2070.891113 1243.579224 67 117
