376.704956 1192.812988 436.496552 1290.940186 0 170
1146.872925 797.080017 1343.710815 1033.896973 2 170
1027.814331 436.084076 1162.959839 570.096924 2 170
849.202881 282.923004 987.657715 400.115295 2 170
1044.749146 113.199112 3362.204102 2105.339355 2 170
1217.332397 487.822815 1383.474976 637.275085 2 170
755.885864 795.562195 1025.988403 1045.937378 7 170
1320.128662 141.665833 3590.254395 2109.754883 63 170
987.670410 541.336853 3217.534668 2160.000000 65 170
1060.493530 609.294189 3376.346680 2137.889160 66 170
