794.181030 1231.887573 1180.891968 1705.443604 2 216
642.421753 919.594543 961.628357 1260.201782 2 216
1239.180786 177.227081 1323.969727 261.706238 2 216
1230.107056 481.490234 1385.423950 647.085083 2 216
863.009827 282.406067 983.285339 406.385406 2 216
1826.013550 844.438660 2065.208984 1127.043213 2 216
1627.307251 441.491302 1758.604980 590.707336 2 216
1078.778442 62.537895 1150.199341 127.994606 2 216
1100.800171 16.096973 1156.060059 50.692688 2 216
3616.645508 230.587219 3840.000000 339.457153 25 216
