845.816650 718.712158 1063.468994 926.748108 2 164
1045.560913 396.592926 1165.638062 526.099060 2 164
1458.516479 216.285202 1554.526611 307.719147 2 164
1770.700439 880.469604 2012.080933 1177.438599 2 164
853.835632 282.206482 986.230957 402.982147 2 164
1640.406616 445.411682 1792.940674 591.327271 2 164
1236.821533 214.079239 1326.871704 308.291809 2 164
1245.731445 461.056671 1378.126343 579.885254 2 164
1194.909424 699.797485 1361.863525 906.863892 2 164
1197.149902 46.350342 1269.557129 109.209190 2 164
3618.281494 225.829346 3840.000000 338.353149 25 164
