861.341370 281.079346 987.208740 403.232910 2 21
1477.839966 229.345078 1576.176758 325.650299 2 21
1385.527588 134.553909 1466.510010 207.515701 2 21
1253.937988 240.411057 1348.350342 342.622345 2 21
1157.255737 635.725098 1349.171509 812.359619 2 21
1208.844482 410.711609 1336.231445 561.850525 2 21
1231.463135 128.132629 1307.752197 195.665573 2 21
1297.675781 14.127730 1350.038086 54.983135 2 21
1076.739258 167.069427 1178.869995 271.836639 2 21
1209.554688 44.585720 1259.735718 89.275696 2 21
1095.412720 79.577003 1159.139893 132.722504 2 21
1213.768921 22.847155 1260.129395 67.029358 2 21
1097.514038 33.020496 1151.971191 73.967110 2 21
1059.368164 72.005882 1158.928833 262.189728 5 21
3619.559814 218.264450 3839.126221 347.413086 25 21
