1547.365723 319.529541 1673.718628 452.140472 2 78
1143.189087 693.839661 1358.618774 918.988647 2 78
860.971802 281.774353 984.484131 403.052887 2 78
393.252777 1618.904297 968.066650 2145.937256 2 78
1251.539551 166.408188 1319.000854 226.742355 2 78
1252.140137 426.928589 1382.496094 550.055542 2 78
1004.997437 384.951202 1174.618042 565.032898 2 78
1387.890747 117.904526 1460.816650 187.047256 2 78
1306.544434 18.575819 1360.998169 65.332146 2 78
1086.851074 202.691559 1170.498413 282.960419 2 78
1203.499023 27.378157 1265.875488 85.002586 2 78
1229.413940 101.063568 1302.867432 161.789124 2 78
1084.706055 112.583420 1159.671265 176.045715 2 78
1672.414673 538.363831 1836.050537 734.020447 5 78
