1091.964844 763.468628 1331.936401 1043.912964 2 243
1257.955688 287.941010 1362.093018 402.295868 2 243
1705.299561 641.673645 1887.392456 823.382202 2 243
866.118408 287.118988 983.579102 408.889130 2 243
1073.327393 95.651489 1154.094238 187.439453 2 243
1094.473511 41.621986 1167.132324 86.537643 2 243
1871.393799 1323.294189 2229.392822 1879.232666 2 243
6.579065 1760.223022 406.593719 2144.081055 2 243
1872.998413 1348.999512 2227.917480 1859.812012 5 243
3617.056885 230.682663 3840.000000 338.421692 25 243
