770.578613 785.763184 1041.451904 1040.676025 2 170
1670.998047 482.405304 1816.963989 631.431641 2 170
1157.362061 786.310547 1344.251343 1032.592041 2 170
1788.027100 939.445923 2032.601807 1266.071655 2 170
1237.023071 232.531342 1332.855225 332.955750 2 170
849.601074 281.787048 987.526184 402.877441 2 170
1229.732422 493.366455 1381.474854 629.833801 2 170
1475.223999 235.100204 1570.967651 330.830475 2 170
1032.888428 424.638611 1158.118774 576.310120 2 170
1198.384521 60.426289 1274.052124 124.119980 2 170
1098.326782 25.568731 1146.476562 63.673435 2 170
3615.767578 225.802795 3838.970703 345.677582 25 170
