1484.396118 240.121063 1592.439331 342.669495 2 24
1255.224976 262.544281 1353.336792 358.969666 2 24
860.767700 280.021576 986.344604 404.056976 2 24
1141.114380 663.666870 1336.849121 863.155701 2 24
1300.305542 17.167397 1352.256958 61.651722 2 24
1198.196777 432.783386 1336.332886 586.358948 2 24
1073.949829 176.037354 1174.877930 283.723511 2 24
1391.698975 134.098083 1473.041504 212.835037 2 24
1232.616699 135.039139 1310.918091 211.532120 2 24
1093.778076 84.812157 1157.610474 140.215530 2 24
1213.491455 49.915749 1260.583252 93.824783 2 24
1214.404541 25.851400 1260.327393 65.066643 2 24
1101.051758 34.249878 1149.376831 77.136948 2 24
1195.399170 2.584591 1237.833862 27.515772 2 24
