1738.453491 762.379700 1956.247192 1067.811279 2 106
1660.435425 475.794037 1808.406372 631.261353 2 106
1075.813477 298.017517 1173.832153 402.290375 2 106
1167.932617 705.662354 1373.447144 950.914490 2 106
635.660461 1359.666260 1112.859131 1928.092896 2 106
859.408630 283.474487 984.312805 408.350586 2 106
1450.861206 199.820587 1541.938477 285.064636 2 106
1246.654541 166.451904 1323.810181 244.943497 2 106
1271.884155 274.821259 1349.563721 341.165649 2 106
1211.810181 71.149918 1280.413696 136.177597 2 106
1080.954834 175.634521 1166.455444 253.867477 2 106
1341.842285 61.443783 1406.633179 125.015022 2 106
1180.609497 0.000000 1230.916870 23.952368 2 106
868.731018 569.639709 1102.965210 858.432739 7 106
3612.233398 229.131195 3840.000000 344.838745 25 106
