497.503601 1048.731812 865.460449 1417.421387 2 185
972.448059 544.713196 1136.863403 705.833191 2 185
1245.366699 290.241730 1347.567505 414.011627 2 185
1186.180542 648.053223 1370.066895 824.542664 2 185
1519.416748 299.017853 1628.931885 412.800507 2 185
1805.973267 1161.985840 2085.141846 1575.259888 2 185
939.329773 1122.631470 1243.646851 1496.193604 2 185
847.386047 283.113647 986.528137 400.899689 2 185
1211.670776 91.704819 1284.118042 160.531876 2 185
1092.927612 29.874914 1153.552490 79.233162 2 185
1724.877319 591.957153 1898.397705 752.298279 7 185
