851.471558 282.838440 985.914856 402.467407 2 330
1173.952637 84.068810 1247.171021 147.732681 2 330
1323.740723 50.529610 1390.590576 114.003807 2 330
1284.797729 9.986686 1337.225098 41.883198 2 330
992.465576 406.266144 1157.612793 578.300354 2 330
776.607788 31.116026 2699.375000 2160.000000 6 330
1069.918945 96.004478 1199.523560 281.868439 7 330
1005.030640 404.487518 1167.240356 581.994995 7 330
1126.118774 72.236481 3545.912842 2160.000000 13 330
1688.302368 360.617737 3701.301514 2150.058350 66 330
