1344.711670 78.693520 1421.593384 147.805237 2 346
1295.859009 22.624510 1355.020996 64.746552 2 346
849.731995 284.233246 984.715881 403.679779 2 346
1199.829224 130.203888 1281.309937 197.990677 2 346
1093.758057 31.260565 1152.691406 95.090210 2 346
1233.713379 0.000000 1280.052856 29.501265 2 346
1084.347168 210.959457 1207.555420 349.354004 2 346
953.389709 502.034882 1136.878784 732.829468 5 346
770.689148 18.340185 2705.739258 2160.000000 6 346
952.503357 500.065460 1135.770630 742.146667 7 346
1073.980713 163.917038 1214.436768 345.542542 7 346
1114.999146 58.234516 3553.950195 2160.000000 13 346
1630.331055 41.728130 3733.041016 2160.000000 63 346
1675.182373 333.204102 3715.736084 2160.000000 66 346
