1748.358276 828.106140 1983.697266 1146.382324 2 111
1128.259033 799.478027 1361.484497 1095.109985 2 111
1660.901367 497.615967 1830.499512 673.087097 2 111
1460.946533 214.822296 1561.156494 303.696655 2 111
1068.131348 318.194946 1174.523193 425.692047 2 111
430.686829 1652.878540 984.735229 2142.681152 2 111
1347.750854 63.147694 1417.012085 130.267181 2 111
1276.736328 295.738098 1357.238647 374.849274 2 111
1217.715576 80.559822 1288.623901 147.273438 2 111
851.032776 283.253174 986.941040 401.876892 2 111
1245.995483 179.126801 1328.497925 268.225006 2 111
1076.841431 186.121429 1171.010010 268.562378 2 111
1181.912598 1.533394 1232.100098 28.696287 2 111
822.850098 631.597473 1074.294189 936.322021 5 111
824.043030 610.046875 1076.323364 936.487732 7 111
