1082.412109 761.173950 1333.920288 1064.565308 2 244
1253.162598 288.747589 1367.874023 409.490082 2 244
1709.480591 655.366028 1884.110352 829.249634 2 244
857.213806 282.696411 985.375732 401.623871 2 244
1071.063599 91.576073 1155.092041 194.517502 2 244
1094.572266 20.649145 1163.506958 83.675529 2 244
1875.131592 1340.977905 2225.308350 1948.181641 2 244
0.000000 1818.576904 358.350281 2152.162109 2 244
1877.848511 1376.537842 2222.175293 1918.859619 5 244
3615.632324 218.302902 3839.454834 343.805908 25 244
