755.182739 1201.089600 1133.687622 1613.135010 2 48
1445.743530 210.536606 1548.441162 300.682159 2 48
1100.252075 700.204895 1309.205811 936.455994 2 48
858.485107 281.772522 985.412903 406.876587 2 48
1257.487061 237.587006 1345.070923 322.703339 2 48
1563.202271 336.289093 1686.231567 482.480255 2 48
1244.416626 401.645386 1372.133179 525.651245 2 48
1054.886353 253.528503 1178.846680 378.641022 2 48
1329.375366 52.884861 1398.062134 107.917778 2 48
1087.432373 128.325806 1163.998413 193.833374 2 48
1196.250732 0.000000 1251.598755 46.234928 2 48
1089.658813 76.195961 1159.002808 119.452339 2 48
1227.588257 98.021385 1281.898682 149.153122 2 48
1219.700562 53.500381 1285.096313 99.948975 2 48
1276.255371 0.000000 1323.388062 21.294134 2 48
1047.638672 239.796173 1172.490234 376.437256 5 48
1555.742676 324.167511 1678.454224 480.108582 5 48
