1820.532959 795.314575 2042.130737 1055.723877 2 211
1237.635376 439.430450 1385.752930 600.700317 2 211
902.311035 1076.123901 1233.587158 1482.787109 2 211
699.390076 827.189453 1013.979675 1134.751221 2 211
1232.286133 159.580872 1316.117065 245.628082 2 211
865.417297 283.729248 982.679993 402.639526 2 211
1603.594360 416.136902 1744.079102 562.757019 2 211
1081.570557 47.950340 1146.645752 122.899010 2 211
1786.423706 1974.460083 2139.946533 2147.132568 2 211
1102.053223 6.613311 1156.156250 43.865200 2 211
1755.684937 1971.408813 2171.363525 2160.000000 7 211
