1747.284546 889.693420 2008.089478 1246.585205 2 117
1042.493652 932.287170 1310.170288 1286.438354 2 117
1057.977661 345.870544 1174.534790 460.346008 2 117
1682.013916 534.287781 1854.226074 719.308716 2 117
862.623840 283.684845 984.864502 399.546417 2 117
1078.382446 200.416473 1167.853760 289.473724 2 117
1252.964355 211.809189 1337.053467 293.948242 2 117
1278.900269 323.857941 1365.985718 409.817474 2 117
1214.524536 91.123116 1288.084473 160.415024 2 117
1482.323730 240.308289 1583.834839 327.253387 2 117
1180.087402 3.693866 1233.388794 35.071392 2 117
1359.532593 82.154266 1430.409058 141.848251 2 117
747.970581 690.504211 1027.860718 1040.322632 5 117
746.478516 686.219055 1044.785278 1046.704102 7 117
