824.469910 1100.006226 1184.223267 1460.044312 2 45
1247.624023 372.717346 1370.295166 508.561920 2 45
853.130005 283.899994 986.874695 402.947357 2 45
1447.295776 201.336700 1536.178101 293.084900 2 45
1056.982544 256.798767 1180.206543 366.222137 2 45
1128.478516 658.690735 1313.516602 875.623108 2 45
1553.119019 339.789825 1678.737915 458.290863 2 45
1251.495728 210.846390 1341.076660 307.537964 2 45
1324.357788 51.781536 1394.827393 105.109512 2 45
1214.688110 84.278175 1287.554932 140.036880 2 45
1086.517456 121.787216 1162.541016 187.773163 2 45
1187.639771 5.742073 1258.692017 44.127842 2 45
1094.429077 75.131432 1155.338013 114.544426 2 45
1218.335815 50.746704 1278.907349 96.996857 2 45
1207.777954 304.155792 3447.722412 2160.000000 13 45
3615.543701 223.616394 3839.967773 335.905365 25 45
1373.186157 332.085663 3563.311768 2160.000000 66 45
