714.080017 860.333130 999.041016 1114.311890 2 174
1110.753540 870.017700 1319.263550 1132.432251 2 174
1784.258301 983.293823 2044.454346 1345.019409 2 174
1483.841553 252.952179 1587.309814 355.120911 2 174
850.501953 283.371735 986.203003 402.152222 2 174
1202.531250 65.832825 1276.009644 134.234726 2 174
1222.794678 538.945984 1383.940674 678.643066 2 174
1236.855347 238.672241 1337.019287 354.713501 2 174
1016.914856 486.835632 1154.216919 607.609924 2 174
1101.995605 28.809698 1148.459717 67.073822 2 174
1671.727783 517.875671 1841.374023 650.466003 2 174
1757.680786 995.571167 2065.260986 1329.226807 6 174
1679.016357 502.881409 1834.135742 661.612305 7 174
1922.224609 673.444153 3695.769043 2119.133545 66 174
