1084.990234 892.882080 1303.028076 1196.715210 2 176
693.695190 890.116028 973.765930 1166.126099 2 176
1494.154541 261.193420 1591.098511 363.271729 2 176
1683.815918 515.685425 1857.571777 674.840454 2 176
1793.725952 1005.720825 2061.219482 1374.555542 2 176
1220.225220 549.192871 1382.073975 701.379395 2 176
1241.889404 260.043274 1342.274536 360.629761 2 176
1010.087646 482.308807 1156.531250 623.996948 2 176
861.352661 283.729706 982.579712 405.758484 2 176
1204.262451 68.217201 1276.700928 136.901428 2 176
1098.370728 32.802830 1147.109985 67.871529 2 176
1743.853760 1002.277832 2073.520020 1357.094116 7 176
3614.053711 226.255173 3840.000000 342.291382 25 176
