497.535065 1055.846558 870.478210 1417.294678 2 185
1724.723389 584.897339 1897.133057 750.889038 2 185
1244.443604 290.582184 1349.717163 412.733887 2 185
973.620239 546.360352 1135.021118 704.967224 2 185
1519.250854 298.643280 1625.884766 413.261597 2 185
1808.845093 1158.134277 2086.941406 1582.514160 2 185
1190.407349 646.794189 1374.953613 826.954163 2 185
852.508057 280.823120 986.485718 403.106903 2 185
944.615906 1120.376709 1238.556885 1495.963135 2 185
1209.290405 92.815468 1285.555420 158.510040 2 185
1096.633789 32.609997 1151.717896 78.649231 2 185
1703.914917 586.175598 1890.974121 747.826599 7 185
