1507.860352 278.616364 1622.992065 396.589600 2 67
1629.894531 459.430023 1791.674561 630.288269 2 67
805.919495 1139.464844 1159.931030 1537.228882 2 67
1208.164185 556.602051 1371.862061 729.815247 2 67
1258.354980 341.769073 1371.282715 449.587982 2 67
863.147034 281.695160 985.223328 400.047668 2 67
1088.964600 169.760391 1166.607422 245.541565 2 67
1038.417358 319.557465 1180.481812 486.859100 2 67
1364.497070 89.345337 1434.928345 155.763351 2 67
1204.883179 19.248217 1259.914551 69.577156 2 67
1241.749268 135.453293 1306.031372 195.302917 2 67
1085.701782 92.987015 1157.000977 160.679962 2 67
1225.288818 77.135574 1301.169800 137.670364 2 67
1295.629517 4.231625 1338.716309 43.583618 2 67
