686.426086 858.750061 980.931335 1171.640991 2 213
1818.833740 815.748352 2056.570801 1081.740601 2 213
846.902161 1148.949463 1219.979736 1555.096558 2 213
1234.882080 448.915070 1382.624634 618.787476 2 213
863.708496 284.016815 983.750427 407.212463 2 213
1232.625366 162.571777 1319.458740 249.331726 2 213
1603.597290 426.697510 1749.392334 575.212280 2 213
1078.545288 62.894608 1149.300415 122.219917 2 213
1098.367798 6.074466 1158.026123 47.485138 2 213
3616.227783 227.678024 3840.000000 342.772858 25 213
