1525.158691 294.400848 1641.473022 416.015839 2 37
1001.374817 920.759888 1253.234497 1171.554932 2 37
1251.712158 320.407318 1367.235596 443.747620 2 37
1426.363770 175.206741 1508.423584 261.668701 2 37
851.092773 283.672699 986.856506 401.667450 2 37
1062.522827 220.927155 1181.132690 333.659698 2 37
1159.598633 561.523132 1333.283569 736.973389 2 37
1242.805420 183.441345 1330.758057 267.203857 2 37
1219.797363 76.917679 1273.755615 119.684708 2 37
1089.843628 103.945534 1162.985107 169.296555 2 37
1094.274170 52.031017 1158.907471 100.774261 2 37
1321.385864 40.392891 1383.900146 87.655159 2 37
1193.731689 0.503998 1241.976562 33.209610 2 37
1219.247803 48.301445 1270.026123 94.373642 2 37
1129.447632 104.371254 3523.189697 2147.327393 13 37
1691.668579 333.039764 3695.995850 2160.000000 66 37
