1753.853394 937.306458 2020.861450 1304.850708 2 120
1687.765015 556.990662 1858.196777 737.952881 2 120
1483.976685 245.961899 1591.687866 342.966125 2 120
1245.424683 219.463562 1344.094238 302.316040 2 120
977.490784 1036.858521 1296.804077 1401.583252 2 120
1055.797119 361.221283 1171.191895 485.183472 2 120
1217.216187 97.107002 1290.371582 166.235260 2 120
860.612854 282.416473 986.126587 405.470673 2 120
1276.785156 336.222473 1369.312622 428.545166 2 120
1363.038696 82.044464 1433.722290 149.922623 2 120
1074.718262 212.187408 1172.424072 296.278809 2 120
1183.127930 6.347579 1237.056763 40.229183 2 120
684.344971 740.565552 985.733459 1102.440430 2 120
689.481812 727.248657 1032.072144 1116.574097 7 120
3618.104248 229.571442 3839.073486 344.189728 25 120
