581.640808 988.795715 932.566284 1291.323730 2 181
1704.187378 555.865967 1879.741821 715.004272 2 181
1800.281494 1094.978027 2078.104248 1488.031250 2 181
990.100403 510.692566 1151.650757 671.509949 2 181
1241.506958 276.261292 1345.540894 390.117157 2 181
1206.333374 79.585411 1284.002319 150.396866 2 181
1011.880615 1032.433228 1281.124634 1341.656250 2 181
862.028625 283.030121 985.845276 402.583099 2 181
1201.205078 596.743225 1383.815308 769.790222 2 181
1502.326904 288.743225 1610.377808 384.405762 2 181
1092.649536 33.504009 1149.885376 73.678375 2 181
