1746.259888 872.719055 2003.421387 1206.323486 2 115
1072.310547 889.649780 1342.384277 1213.239380 2 115
1678.902954 529.999207 1842.282959 709.704163 2 115
1062.474243 337.918152 1176.625610 450.180115 2 115
1474.553467 230.256256 1571.731201 321.617188 2 115
1271.768555 304.135193 1363.024048 397.936005 2 115
1182.980713 1.921348 1233.724731 33.260994 2 115
864.562256 285.591522 984.496155 404.562012 2 115
1356.643555 71.374969 1422.637329 136.571609 2 115
1075.193726 194.052643 1170.182007 278.188934 2 115
1252.088013 204.599747 1334.170532 286.956940 2 115
1217.555908 90.758507 1287.035034 155.751556 2 115
372.998352 1858.526855 886.903259 2157.475342 2 115
772.720276 684.991455 1052.011108 1002.884521 5 115
772.783325 682.746826 1070.600342 1024.476562 7 115
