1136.066162 644.367126 1312.975830 833.544800 2 43
878.299927 1051.034912 1206.190918 1392.796753 2 43
1550.523926 320.865295 1670.368408 449.335541 2 43
1439.348145 185.801575 1525.733032 282.106110 2 43
1059.790649 254.577133 1179.087769 360.616943 2 43
859.809143 281.957458 986.118469 406.483582 2 43
1248.471802 365.386841 1371.439697 486.528717 2 43
1324.717773 44.010197 1389.328613 98.029053 2 43
1252.363525 211.366760 1339.221191 297.368408 2 43
1221.605347 82.469498 1283.089844 135.349838 2 43
1093.084351 112.416451 1162.286255 178.943008 2 43
1195.210938 1.906128 1247.727905 37.298466 2 43
1093.475830 57.251183 1159.293823 108.329483 2 43
1219.353638 48.205772 1273.634277 91.579567 2 43
