1750.821655 990.854614 2027.333862 1389.317749 2 124
1705.064819 597.779114 1877.920288 773.103088 2 124
1500.505249 265.680634 1606.204956 362.394196 2 124
888.958862 1142.107300 1244.625122 1589.180298 2 124
1217.658325 103.351418 1294.052124 178.528046 2 124
1278.681519 357.958466 1372.498047 454.328461 2 124
1251.434326 234.223236 1343.930542 323.826355 2 124
849.287781 281.746887 986.250061 401.973694 2 124
1372.079346 92.459213 1441.692871 162.039520 2 124
1077.702759 233.204941 1169.802124 315.148529 2 124
1050.844604 379.513641 1163.599365 513.397827 2 124
1182.751221 4.202728 1241.774048 46.575161 2 124
637.184814 783.617065 975.746582 1203.112915 5 124
646.649048 728.702637 974.679504 1168.827148 7 124
3613.151123 227.801956 3840.000000 343.214935 25 124
