1861.510742 1054.876587 2142.894287 1443.914062 2 231
1251.665039 229.996017 1348.354858 331.524567 2 231
850.995728 284.540863 987.896057 402.562164 2 231
1175.694092 615.590942 1363.780029 836.014221 2 231
1670.053589 546.622314 1829.634155 720.727722 2 231
420.698029 1895.817871 847.871643 2143.541748 2 231
205.854477 1254.481323 733.111084 1796.920776 2 231
1077.416626 56.881939 1153.463623 157.079529 2 231
1090.870361 26.012419 1162.105957 66.800194 2 231
3613.053223 220.808243 3840.000000 341.357544 25 231
