796.512878 734.188354 1059.596558 997.071228 2 205
1000.140320 959.078125 1312.813232 1252.982422 2 205
1795.535645 742.356445 2010.069458 968.609558 2 205
851.182373 282.912689 987.442871 401.130402 2 205
1228.473755 144.196579 1310.361450 223.809692 2 205
1592.540649 392.540344 1713.601929 524.964966 2 205
1243.498169 399.290741 1379.762695 548.450989 2 205
1083.995850 45.222126 1151.247070 110.257751 2 205
0.000000 1752.285889 376.493256 2157.134766 2 205
1770.065796 681.845032 2024.599121 971.193542 7 205
3614.479004 221.616776 3840.000000 344.102203 25 205
