1730.177979 716.467529 1945.525513 993.450928 2 101
801.206848 1191.956787 1193.201050 1640.073486 2 101
1077.104126 272.149994 1174.527466 377.364227 2 101
1635.527344 440.647400 1788.272583 603.842224 2 101
848.142700 285.632507 987.702759 404.310486 2 101
1240.665649 155.557693 1320.131714 232.838272 2 101
1439.986938 179.201538 1525.772461 265.140717 2 101
1267.913696 251.026947 1345.332397 318.622620 2 101
1079.019165 161.444305 1166.698120 238.669724 2 101
1335.542603 52.068554 1392.657959 107.116119 2 101
1193.314575 643.862427 1387.805542 859.640564 2 101
1208.437988 66.182724 1278.138428 125.119392 2 101
1725.169067 728.872559 1945.431641 1002.922607 7 101
899.809204 565.559875 1120.554199 788.904175 7 101
771.365173 1198.362061 1138.502808 1635.632568 7 101
3615.642578 224.370911 3839.638184 341.781097 25 101
