1216.999146 323.201263 1333.239990 448.819641 2 8
1439.901489 179.077484 1537.905762 269.272705 2 8
533.595886 1468.672607 1022.187256 2072.991211 2 8
858.300110 282.361328 986.137573 403.772369 2 8
1354.559082 106.637016 1435.829102 168.329193 2 8
1080.490723 145.921432 1169.278687 230.705444 2 8
1223.690796 481.999939 1352.699097 638.059326 2 8
1097.763672 56.082970 1157.798950 111.638885 2 8
1222.364624 97.860085 1292.373413 157.485916 2 8
1243.416748 187.251312 1330.459351 274.538361 2 8
1287.409424 3.217849 1329.784424 34.321175 2 8
1199.553101 20.089186 1247.019287 63.886982 2 8
1197.343018 6.531887 1242.919067 42.928673 2 8
3620.874512 223.261520 3839.422852 341.599609 25 8
1667.357544 1508.330322 2104.544189 2160.000000 56 8
