736.205261 1264.406128 1159.022827 1828.425903 2 218
587.928162 945.217590 940.554016 1296.263306 2 218
857.918457 281.951172 986.445312 403.963959 2 218
1837.171753 859.802490 2075.284424 1157.939209 2 218
1220.807495 492.052887 1384.962158 664.446655 2 218
1242.254517 182.190964 1327.527222 270.184113 2 218
1078.288452 66.254478 1151.819336 131.479675 2 218
1613.993042 459.715210 1776.153931 608.827820 2 218
1101.112183 21.135233 1152.889648 56.393448 2 218
3617.180908 230.572693 3838.898682 343.411652 25 218
