1696.829346 599.148987 1870.910034 810.982788 2 85
1087.916870 808.368469 1327.806274 1072.467896 2 85
1577.615234 360.337799 1707.220947 498.834442 2 85
1083.483887 219.778168 1172.134888 307.121307 2 85
862.511414 282.505737 983.250916 403.376862 2 85
1244.928467 475.457001 1385.936768 619.540161 2 85
1200.343628 42.595020 1274.462402 94.024651 2 85
1397.565430 130.543900 1478.552124 205.318207 2 85
1315.532593 31.353720 1371.059814 75.409691 2 85
1083.552612 130.387680 1160.935547 199.252502 2 85
1234.721802 114.327614 1309.474854 178.798584 2 85
1257.188843 190.387787 1326.804565 254.459595 2 85
985.150085 457.116150 1164.478271 628.376282 2 85
990.538940 424.476562 1161.768677 620.020386 5 85
