744.038147 1186.775635 1140.646118 1651.123291 2 69
1198.231323 592.945496 1368.325317 761.173645 2 69
857.042114 285.457855 984.952637 401.031525 2 69
1256.578247 346.685822 1373.901489 464.527893 2 69
1521.358521 284.031586 1629.485718 406.935638 2 69
1370.600342 91.623108 1443.272339 156.747086 2 69
1084.768066 176.742203 1170.379761 253.381912 2 69
1640.173096 478.326050 1801.911743 648.596069 2 69
1087.707520 111.789886 1157.299316 158.399841 2 69
1242.502075 132.708206 1309.058105 197.377380 2 69
1201.474121 25.232618 1263.383057 72.653275 2 69
1224.301514 81.346375 1284.773193 136.159393 2 69
1245.165649 110.320641 1297.726807 152.908737 2 69
1033.836914 315.632385 1179.915405 504.172638 5 69
1642.123779 475.982422 1792.649902 650.988220 5 69
