1167.015747 558.708801 1336.933960 725.550110 2 36
1525.174805 295.284332 1639.216797 410.993469 2 36
1251.599731 317.675842 1363.734253 429.102386 2 36
1422.560791 173.607208 1506.678955 257.324860 2 36
1022.215393 857.586426 1266.054932 1152.832886 2 36
862.133728 285.599213 985.075439 403.072571 2 36
1063.767334 199.390060 1174.630615 322.834717 2 36
1245.920044 182.328064 1325.201782 262.377197 2 36
1220.711182 70.522667 1269.276245 118.672424 2 36
1319.887207 30.185678 1370.851440 79.383255 2 36
1091.057861 104.496567 1161.431030 167.626068 2 36
1096.872314 48.787991 1154.412720 100.154106 2 36
1194.163208 0.000000 1240.876587 32.671566 2 36
1217.182129 35.238647 1270.733521 72.542152 2 36
1126.667358 11.955756 3540.746094 2160.000000 6 36
1291.059326 11.145514 3603.323730 2160.000000 13 36
