420.287781 1607.494507 952.090820 2152.451172 2 57
1470.742554 236.345322 1576.903198 341.457245 2 57
1252.114868 271.102753 1360.980591 374.141663 2 57
1588.115234 396.264130 1742.540894 548.339172 2 57
859.853149 283.553925 985.574158 403.810486 2 57
1008.644531 848.384033 1251.356567 1167.393677 2 57
1345.228882 67.436195 1419.183838 130.458755 2 57
1226.840210 472.474121 1376.290894 616.253113 2 57
1088.197876 154.185318 1165.034058 215.482391 2 57
1088.363892 84.739143 1154.349609 132.799408 2 57
1047.708008 265.654663 1174.085815 423.888672 2 57
1231.750854 110.896675 1297.633179 170.457901 2 57
1287.041260 1.843643 1329.052124 30.916098 2 57
1199.219849 3.642483 1249.545288 48.962227 2 57
1221.517822 58.826176 1287.005249 110.325043 2 57
