1752.197632 977.172485 2021.606934 1370.993408 2 123
1490.841553 263.453735 1604.653564 358.260254 2 123
922.498962 1118.262329 1256.557007 1552.195679 2 123
1696.898193 592.107422 1880.862549 773.482117 2 123
1216.107300 99.328934 1294.591064 176.403915 2 123
1277.585083 353.905304 1370.102539 445.944885 2 123
1254.400757 238.776611 1345.013916 320.226959 2 123
1051.098022 375.329346 1173.675171 503.619659 2 123
1368.612427 90.251595 1441.530518 162.660019 2 123
849.148438 284.579315 987.405334 401.417755 2 123
1071.310303 215.126831 1172.818481 312.001282 2 123
1179.357666 4.729957 1242.520142 46.831051 2 123
654.313965 774.063232 983.723450 1188.070435 7 123
1892.993408 347.451996 3724.353027 2146.906738 66 123
