865.376343 283.458252 985.444763 402.206940 2 26
1494.314331 251.277451 1598.704468 355.053619 2 26
1395.627808 145.134888 1477.434692 224.950089 2 26
1303.992798 13.946971 1358.381592 63.918739 2 26
1070.345337 175.507843 1175.062012 288.042389 2 26
1256.407959 266.645142 1353.722290 366.329590 2 26
1124.609863 697.852905 1322.627808 910.484802 2 26
1196.013794 452.240051 1335.556274 604.803284 2 26
1236.107422 152.328400 1313.607666 221.036438 2 26
1211.653320 50.581680 1263.293701 96.778732 2 26
1093.342896 88.590027 1158.137695 144.402573 2 26
1098.618530 39.927860 1154.084473 85.741302 2 26
1217.832153 23.938749 1263.249878 65.052109 2 26
1193.305054 0.089092 1242.929565 27.089365 2 26
