830.303162 1099.862793 1181.619629 1498.478271 2 66
1626.196899 443.496643 1779.574463 618.507263 2 66
1501.895264 278.669220 1625.110352 390.637543 2 66
1091.146729 170.608505 1172.865479 242.510590 2 66
866.130676 283.622009 983.534241 399.467102 2 66
1210.232788 554.918823 1365.904663 720.294434 2 66
1255.322021 328.228333 1371.241333 437.979462 2 66
1039.756226 314.955475 1181.812378 479.086151 2 66
1363.554199 85.054947 1434.085938 150.850510 2 66
1202.368164 17.397194 1262.617188 70.958290 2 66
1238.770142 135.046463 1304.872559 192.349075 2 66
1084.581055 106.800323 1161.735718 152.750000 2 66
1293.745728 1.228809 1340.271240 41.727959 2 66
1224.634521 76.620132 1300.806396 135.249481 2 66
1173.925293 50.282475 3502.597900 2160.000000 6 66
