787.469727 783.607361 1035.799805 1024.966431 2 169
1031.191284 434.170044 1164.346680 569.146240 2 169
1237.947876 231.612152 1331.802246 328.522308 2 169
1670.880249 480.087402 1815.437012 623.055664 2 169
1786.903442 921.149414 2026.846802 1258.112061 2 169
1162.345093 776.806030 1346.031860 1004.815369 2 169
1236.232056 488.331268 1381.703125 623.822693 2 169
862.712952 281.896576 985.360046 402.885101 2 169
1472.683228 235.032913 1566.026978 325.449005 2 169
1201.618530 54.791218 1271.127197 121.109840 2 169
1098.372803 23.358591 1150.761108 61.242767 2 169
