577.900391 1695.009521 1004.346863 2160.000000 2 198
1093.150635 800.673035 1341.817627 1092.417725 2 198
875.172241 668.790405 1101.778076 860.833679 2 198
1249.092407 370.806854 1365.934082 487.390808 2 198
1751.152588 662.219116 1979.444824 888.908020 2 198
1562.372681 366.235992 1685.663940 485.536285 2 198
854.117188 281.704437 987.112061 402.574646 2 198
22.181967 1418.027466 597.896973 2001.923828 2 198
1219.822266 124.197227 1303.900635 198.237518 2 198
1086.252319 45.124794 1152.842529 95.544487 2 198
1787.262451 1473.523560 2134.050781 2141.023926 2 198
1808.676758 1490.332397 2122.116211 2074.680908 5 198
1731.203247 663.406738 1976.458008 881.889099 7 198
