1164.146484 685.330688 1366.535522 903.333496 2 189
947.030334 583.577332 1121.791504 753.672241 2 189
1244.752075 313.171204 1353.735229 432.097290 2 189
1817.041626 1250.471558 2101.025879 1714.452148 2 189
1728.279053 610.993713 1920.955200 792.918640 2 189
1527.408325 317.996033 1639.846680 433.094086 2 189
842.702576 1261.780396 1172.002197 1687.143066 2 189
379.609833 1149.718994 795.132080 1559.880249 2 189
854.538513 281.411591 985.694885 404.523895 2 189
1211.815552 99.378830 1289.004272 166.428665 2 189
1094.003296 39.795452 1148.219238 87.094681 2 189
1790.028931 1273.418335 2118.951660 1722.317871 7 189
3616.586670 229.107956 3838.301758 343.208740 25 189
