1754.034058 1175.973022 2063.770020 1638.807373 2 134
1723.063965 647.055115 1903.731323 850.172180 2 134
550.249390 1588.780640 1073.208740 2157.208740 2 134
1075.492310 256.860107 1173.420776 356.119507 2 134
858.854004 281.402893 984.929871 403.875946 2 134
1274.117065 409.886597 1380.131592 535.997742 2 134
1248.462036 276.039612 1359.951538 366.284058 2 134
1528.450562 301.010956 1641.785889 412.389893 2 134
1025.321899 454.022919 1159.609375 577.014160 2 134
1223.240845 127.567627 1301.315796 200.910522 2 134
1391.950317 120.321342 1465.284546 193.115372 2 134
1190.906006 13.172492 1240.990601 58.815075 2 134
403.763733 971.434204 832.059509 1513.196533 5 134
3618.575684 223.172028 3837.889648 345.681946 25 134
