1225.903076 540.427185 1384.799438 685.557495 2 175
1684.263428 513.202026 1842.928833 670.677551 2 175
1489.373169 259.940643 1590.229980 359.607208 2 175
712.369873 870.113953 984.514893 1150.398926 2 175
1099.589966 897.798340 1310.658325 1160.454834 2 175
856.127930 279.496307 987.109070 403.868622 2 175
1241.645142 250.523285 1342.856812 359.341034 2 175
1011.863647 485.469574 1153.599609 615.066772 2 175
1202.637451 66.757561 1276.693359 135.955353 2 175
1797.348389 993.263489 2054.507324 1358.235596 2 175
1097.373413 34.874439 1150.004395 69.842888 2 175
1740.324463 1002.947021 2075.320312 1345.187012 6 175
3614.239990 226.575272 3839.793701 346.550995 25 175
