848.223938 282.992920 986.516479 403.165253 2 348
1297.863037 27.020071 1355.946167 68.231964 2 348
1204.488281 131.291534 1287.518799 208.351013 2 348
1349.134277 81.297104 1423.496460 149.338181 2 348
1090.477051 35.189667 1156.828735 93.908951 2 348
1230.938477 0.000000 1281.247437 31.905325 2 348
939.525696 560.344727 1140.926514 771.006165 2 348
945.652405 536.073853 1127.355225 753.916931 5 348
941.794128 521.064941 1128.593262 768.088135 7 348
1064.400513 159.136841 1207.082642 352.415649 7 348
3616.066406 225.172226 3840.000000 341.252838 25 348
