1469.768799 225.004456 1573.786621 323.776581 2 20
1253.252441 242.738556 1346.925415 334.808319 2 20
854.217224 283.513519 986.308228 399.211456 2 20
1383.443848 128.963470 1463.729858 207.100967 2 20
1202.837158 395.474731 1334.117188 544.747803 2 20
1228.580933 127.626793 1306.208374 194.576782 2 20
1075.998657 167.359070 1179.012207 264.948334 2 20
1162.268066 616.047424 1344.937256 786.805847 2 20
1292.674805 9.915504 1352.900879 55.565296 2 20
1093.788208 79.168617 1159.820190 131.551773 2 20
1210.011475 48.362556 1259.269775 86.604706 2 20
1222.487671 26.831644 1260.811157 60.758682 2 20
1076.107422 147.088501 1176.201172 261.474030 5 20
1119.151855 58.463741 3545.932861 2160.000000 13 20
1639.239624 37.993694 3723.855469 2160.000000 63 20
1682.973755 317.107635 3710.358643 2160.000000 66 20
