1748.465942 1193.429199 2073.277588 1665.920898 2 135
531.387024 1644.507446 1048.060547 2160.000000 2 135
1531.985718 312.719971 1654.543701 419.388977 2 135
1278.909424 434.448944 1380.478271 542.699951 2 135
1221.476074 128.442642 1303.883057 208.278000 2 135
1020.691284 460.015381 1155.580444 586.582703 2 135
1072.505859 261.314148 1176.972412 361.934265 2 135
1251.473755 271.409790 1356.793701 379.924713 2 135
1391.432495 120.321800 1473.313843 198.457245 2 135
850.882202 282.476440 988.002747 403.417603 2 135
1188.098022 16.060925 1244.571533 60.459991 2 135
1727.150269 647.702271 1912.166016 865.518127 7 135
386.561157 1000.570496 827.308105 1562.453125 7 135
1727.157104 338.357361 3690.762695 2153.612305 66 135
