1054.935913 844.260620 1301.785156 1163.666138 2 88
1586.774170 369.496063 1721.099243 515.874695 2 88
1255.956665 197.253555 1331.009521 268.283600 2 88
851.756348 282.932037 987.549438 400.781921 2 88
1233.771362 490.826996 1392.342896 653.032349 2 88
1082.755493 230.884430 1173.039429 317.428986 2 88
1202.607300 46.562916 1273.980713 101.655457 2 88
1406.377930 144.100220 1487.733398 221.316483 2 88
1238.500610 121.530296 1308.183472 189.575256 2 88
1078.677490 133.134613 1164.256104 202.679886 2 88
1318.250977 32.063828 1375.091431 78.857338 2 88
1708.503052 622.280823 1880.004150 844.557800 5 88
986.480103 448.388641 1156.067749 645.583862 5 88
1700.838867 619.387512 1883.473999 844.168213 7 88
3618.885986 220.409531 3838.095215 344.413116 25 88
