1146.213257 692.923462 1357.033325 919.158508 2 78
1546.090454 321.492432 1675.575562 450.289520 2 78
396.677216 1624.879395 962.360413 2144.724609 2 78
1253.595825 164.799484 1317.944336 227.793259 2 78
1304.344482 14.584750 1361.693115 64.299255 2 78
861.791931 283.748016 985.042358 405.207581 2 78
1668.106934 538.998474 1836.320068 731.824585 2 78
1253.163208 424.297913 1381.865967 551.091797 2 78
1008.785767 380.375153 1178.649902 565.938782 2 78
1385.559570 115.693352 1460.170288 188.730225 2 78
1088.446533 203.163513 1171.868164 283.697418 2 78
1085.679443 112.299606 1161.090210 178.212540 2 78
1203.833374 26.747129 1266.327271 86.126167 2 78
1231.087524 101.994545 1302.476440 163.703598 2 78
1671.846069 537.191589 1835.439209 734.133850 5 78
3619.062988 225.114655 3840.000000 343.177612 25 78
