872.151245 685.503113 1079.911865 884.516113 2 161
1627.775513 426.558807 1776.646606 569.520447 2 161
1769.872803 832.416199 2002.325317 1139.758301 2 161
1251.087158 431.864410 1376.214844 553.763000 2 161
866.249084 283.385101 983.151001 403.228088 2 161
1044.041870 379.676605 1168.263672 506.592712 2 161
1233.323486 204.957611 1322.632935 293.861725 2 161
1214.024048 659.408081 1369.858276 847.755188 2 161
1450.759521 206.232819 1539.904663 291.004028 2 161
1198.884766 43.912979 1268.175659 102.734238 2 161
3611.088867 226.569778 3840.000000 344.990936 25 161
