562.352295 1001.840576 915.351929 1318.865356 2 182
1004.985168 1065.481567 1253.924805 1375.491821 2 182
1244.566895 281.748962 1346.219727 393.624084 2 182
982.745178 532.957520 1141.145386 679.454895 2 182
1507.534668 286.923615 1622.438599 394.283844 2 182
849.437805 282.851257 986.634338 400.822662 2 182
1798.205200 1111.835571 2083.172363 1508.152710 2 182
1209.042236 77.901016 1282.928711 150.964493 2 182
1194.143433 605.749390 1382.133179 774.835815 2 182
1092.440918 31.541231 1153.380493 77.585732 2 182
1706.885132 559.246887 1883.200684 730.853088 7 182
1705.102417 350.652557 3687.598389 2145.497559 66 182
