610.039612 1372.455933 1031.356689 1923.040771 2 53
1044.187622 798.181274 1284.377808 1052.026855 2 53
1465.093018 227.936081 1563.195190 327.490295 2 53
1252.774170 257.142670 1353.500854 353.112823 2 53
855.083557 283.515564 987.185364 404.227631 2 53
1582.997803 372.441193 1713.744263 514.267151 2 53
1093.291260 138.580276 1166.411133 207.518112 2 53
1047.066528 250.861115 1176.821411 409.744476 2 53
1242.650269 431.089294 1375.112671 570.408997 2 53
1091.335938 84.357025 1154.640747 127.523567 2 53
1341.966797 55.488277 1407.407227 116.866371 2 53
1194.353149 0.000000 1252.286621 51.120697 2 53
1224.517822 103.593918 1289.690430 160.447525 2 53
1281.290039 0.000000 1327.426636 25.126417 2 53
1226.314941 60.933491 1280.455078 101.840050 2 53
554.184937 1393.991699 1082.535278 1983.366089 7 53
1131.079712 103.094208 3525.929199 2145.702148 13 53
1698.466187 354.132812 3687.115967 2146.564941 66 53
