1215.750366 346.181915 1336.112671 480.766968 2 12
1362.225220 109.262917 1445.647339 181.733536 2 12
864.149109 283.680939 983.904236 400.260742 2 12
1451.353394 197.670120 1554.511597 289.340271 2 12
1252.790405 211.800720 1336.072510 298.178894 2 12
1203.261475 531.829895 1353.697510 685.848877 2 12
1077.308472 148.602783 1172.432495 241.237442 2 12
1289.301880 5.234298 1338.740601 39.435307 2 12
1222.420776 107.642494 1301.488159 165.897781 2 12
1098.080200 66.964417 1160.457642 120.274765 2 12
401.065491 1705.439209 900.609375 2160.000000 2 12
1199.379150 20.485266 1250.660034 67.120628 2 12
1198.342407 4.044456 1247.310547 40.563808 2 12
3622.503174 223.175919 3837.479980 339.109833 25 12
