1746.173096 848.038513 1992.895386 1174.192139 2 113
1101.227783 838.703125 1349.900635 1153.826050 2 113
1064.911133 324.839722 1172.467285 443.416290 2 113
1669.236816 516.737549 1836.333130 698.665405 2 113
1468.529541 214.382385 1564.336304 314.652985 2 113
1349.067139 67.500572 1418.762329 134.551956 2 113
1215.650391 80.419800 1287.855103 150.470917 2 113
1244.218018 189.092896 1329.422607 274.248840 2 113
1276.311401 303.524200 1358.056396 384.572174 2 113
854.861938 283.199707 987.953491 400.957123 2 113
420.686584 1760.225952 930.251831 2145.662598 2 113
1072.436768 189.383575 1171.937012 273.961823 2 113
1182.187988 2.048893 1232.057495 31.256159 2 113
793.005676 631.626770 1066.759155 967.304810 7 113
