1217.562134 323.576874 1334.895020 449.506042 2 8
864.154480 281.514679 985.492920 401.925537 2 8
1440.611328 179.462692 1537.206909 269.729553 2 8
1079.681519 138.414001 1170.449707 231.420807 2 8
1356.674194 106.646629 1434.552246 168.553955 2 8
538.188599 1467.208984 1030.331543 2079.777344 2 8
1224.954712 95.305534 1290.899902 158.773941 2 8
1222.943481 482.373718 1354.107178 637.417786 2 8
1097.577637 54.213921 1157.689331 110.036484 2 8
1244.584229 185.444519 1327.187622 275.397125 2 8
1285.280396 4.391384 1330.122681 32.020283 2 8
1199.310791 20.399836 1250.081787 66.003738 2 8
1200.868286 6.946163 1243.709961 35.304050 2 8
1647.004883 1509.806152 2109.246826 2160.000000 56 8
