1491.624634 263.047241 1592.053467 363.914764 2 176
690.707214 887.409058 976.448059 1167.877075 2 176
1685.323853 516.509583 1858.613037 674.918701 2 176
1241.278564 258.472229 1342.830688 361.739838 2 176
1218.275879 545.728882 1386.225098 700.801819 2 176
1792.341553 1006.921082 2061.678711 1376.364136 2 176
1204.609863 68.114891 1276.342285 137.980957 2 176
855.020508 281.572144 986.683655 404.877869 2 176
1082.799316 897.124878 1305.663330 1198.287720 2 176
1006.849670 481.988281 1160.533081 624.346130 2 176
1097.057739 33.872166 1150.077515 69.519135 2 176
