867.805054 284.481232 983.495239 403.693420 2 2
757.038574 1231.035645 1130.978638 1674.089478 2 2
1219.781128 290.623627 1327.634399 403.818024 2 2
1243.684082 180.807373 1323.818848 254.605286 2 2
1431.252441 164.820312 1513.899292 243.751587 2 2
1347.848877 82.667534 1421.232056 151.190857 2 2
1098.600586 50.644966 1157.522339 101.297318 2 2
1079.450317 128.074722 1168.320312 210.376724 2 2
1233.217773 433.597626 1354.960205 569.643372 2 2
1216.523193 82.888977 1283.652100 142.490036 2 2
1279.583862 0.000000 1324.196533 24.932325 2 2
1198.092163 19.015387 1245.540527 62.052837 2 2
1768.154419 1447.066895 2082.916260 2006.032959 2 2
1733.970459 1424.470337 2071.185547 2050.834717 5 2
1183.456055 26.338346 3488.752197 2160.000000 6 2
1320.880127 39.681469 3599.168457 2160.000000 23 2
