1137.444702 641.185974 1316.292480 832.266174 2 43
885.792969 1049.041870 1203.074951 1384.975830 2 43
1549.673828 321.648071 1668.553833 449.304871 2 43
1435.675171 189.314453 1527.767822 281.516052 2 43
853.554871 282.567657 986.176941 402.918518 2 43
1249.986694 365.406067 1370.796875 486.506042 2 43
1321.356323 42.386681 1393.131836 99.681297 2 43
1059.737061 251.572372 1181.161133 360.422150 2 43
1253.210449 207.127182 1338.582520 296.901489 2 43
1220.339600 81.564957 1281.121948 137.480957 2 43
1092.486938 125.957214 1162.185547 183.107407 2 43
1192.383911 0.896988 1248.462402 39.274632 2 43
1098.049194 60.991226 1157.743408 109.480186 2 43
1218.510010 50.655151 1271.714233 94.546677 2 43
1321.292480 0.000000 3597.204834 2160.000000 6 43
3619.376953 224.121201 3840.000000 336.806366 25 43
