1758.987427 1078.708740 2042.738281 1507.353027 2 129
1715.074219 599.068298 1892.743042 817.456116 2 129
1276.536865 384.445251 1375.524414 491.124329 2 129
749.719360 1338.914551 1155.873413 1904.628418 2 129
1379.621216 107.816383 1452.747559 177.241959 2 129
859.009033 280.093781 986.100159 405.830933 2 129
1514.677246 283.025208 1625.706909 388.605865 2 129
1073.231445 235.347626 1174.338623 333.942139 2 129
1247.817139 249.268326 1349.602905 342.035736 2 129
1219.901001 119.444328 1294.426514 189.694962 2 129
1039.182983 420.052734 1166.264648 545.582031 2 129
1182.607056 3.745193 1242.991821 49.072147 2 129
537.197266 851.023499 928.953796 1358.973511 5 129
552.035034 827.653625 927.120972 1318.181274 7 129
3615.234863 227.813400 3840.000000 342.413391 25 129
