1487.355591 241.134903 1591.387451 343.464752 2 24
866.988586 281.587830 983.636230 402.900665 2 24
1146.317993 662.371277 1336.138794 860.008911 2 24
1298.311157 11.515502 1358.546509 61.584888 2 24
1257.098022 259.439270 1353.059326 360.703217 2 24
1071.032837 173.282074 1175.130371 281.371979 2 24
1391.017944 134.821472 1473.587524 215.057129 2 24
1202.101929 435.703339 1335.438843 586.183960 2 24
1235.745850 134.115143 1309.821655 210.750488 2 24
1210.025757 44.795776 1260.323730 92.226501 2 24
1094.828857 82.379547 1157.288696 142.785751 2 24
1215.810913 22.929380 1260.754150 68.078156 2 24
1102.037964 33.229179 1148.357178 78.679955 2 24
1195.397949 1.321392 1239.237549 24.870928 2 24
1119.032593 0.000000 3566.804688 2160.000000 2 24
1290.933594 28.574064 3606.515869 2160.000000 6 24
3615.058838 227.274048 3840.000000 340.890747 25 24
