1747.204834 828.131775 1986.170288 1143.815430 2 111
1122.640503 797.536865 1356.068359 1096.908813 2 111
1662.802856 495.728729 1827.802856 674.036133 2 111
1071.520142 319.902618 1174.695923 427.493347 2 111
1275.198486 295.487244 1354.878906 373.559296 2 111
1214.433594 76.903893 1285.521484 147.364868 2 111
854.991272 283.678772 984.937439 401.938354 2 111
1245.109131 185.142731 1329.607422 267.168488 2 111
1080.676392 190.177216 1169.468872 270.134338 2 111
1349.103149 64.644928 1415.390747 128.186295 2 111
1463.627563 208.576004 1558.867798 301.365387 2 111
421.689270 1625.965088 992.207764 2160.000000 2 111
1180.219727 2.651939 1234.330811 32.692680 2 111
821.756714 603.523132 1074.385620 937.331726 7 111
3616.241211 220.128693 3838.735352 334.325836 25 111
