1760.805908 747.889526 1949.323730 994.628540 2 149
1580.825928 378.744476 1708.725952 496.512207 2 149
1062.066650 317.296021 1177.667114 433.291962 2 149
957.555298 564.462036 1130.768188 726.097717 2 149
863.207764 280.089661 984.985718 407.487823 2 149
1250.124756 351.319183 1370.733276 459.408630 2 149
1425.219971 162.141830 1507.631836 244.509766 2 149
1255.107300 533.261353 1377.814087 677.297119 2 149
1230.544067 172.634567 1314.382568 255.177139 2 149
1196.388062 26.113871 1254.162476 82.515503 2 149
0.000000 1481.400757 541.374817 2144.860840 5 149
1695.315063 1552.030518 2083.623047 2139.009766 8 149
3610.991211 226.356567 3840.000000 343.311737 25 149
1685.357178 1518.600464 2096.747070 2157.161865 56 149
