861.018433 283.675903 984.400269 404.971832 2 273
1801.661621 921.948486 2049.104736 1225.548584 2 273
1201.770508 498.136444 1362.538696 669.186279 2 273
1069.951050 176.753525 1161.100464 273.029938 2 273
433.428375 1582.023193 989.765015 2150.258545 2 273
1082.942139 56.358715 1173.043091 133.944275 2 273
1278.767212 1.069221 1324.707886 27.062071 2 273
456.629303 1579.024170 1002.498169 2154.395996 5 273
1091.539917 28.314112 1172.538696 130.208466 7 273
3615.534912 226.780228 3840.000000 339.945587 25 273
