1762.211304 1081.563843 2040.497314 1504.275635 2 129
1714.322754 604.034668 1893.660645 816.322815 2 129
740.606384 1328.019043 1161.733154 1901.990967 2 129
1512.919067 285.514740 1625.675171 388.654144 2 129
1277.805298 385.196442 1374.269653 495.960815 2 129
1379.176147 107.726547 1453.479492 177.269318 2 129
1071.413574 232.386459 1176.328857 335.000824 2 129
1220.992676 117.192757 1294.149902 192.201218 2 129
846.822754 282.887512 990.332886 402.165619 2 129
1247.397461 248.551010 1351.513550 340.708893 2 129
1033.439209 419.019806 1169.530029 546.968384 2 129
1182.353027 2.318001 1243.608398 50.217129 2 129
539.032593 855.257935 925.980469 1355.947876 5 129
