1710.922974 664.002747 1908.197876 920.644531 2 94
951.548340 1010.478333 1260.221680 1330.892822 2 94
1417.615723 159.050430 1503.573242 240.178055 2 94
1078.259766 243.852188 1172.462646 342.693665 2 94
849.119629 285.348450 986.803040 400.589783 2 94
1601.658813 392.155579 1749.937134 553.802490 2 94
1261.595337 218.672440 1337.472656 288.056366 2 94
1224.735596 556.197510 1391.017456 733.297058 2 94
1239.288574 134.357178 1314.056030 207.032425 2 94
1324.257202 39.311481 1390.794067 95.197670 2 94
1209.037354 48.938938 1276.499390 112.466461 2 94
1077.314697 144.882996 1163.100586 223.766891 2 94
941.413635 466.919495 1147.778076 709.057922 5 94
1692.004272 665.494873 1903.386475 916.271301 7 94
1646.632568 18.819006 3728.473877 2160.000000 63 94
1691.863647 334.833496 3705.782959 2160.000000 66 94
