1849.274658 920.631226 2089.791748 1228.582642 2 222
505.102539 1023.457642 886.348267 1414.874878 2 222
582.931030 1425.666382 1080.988525 2070.101074 2 222
1216.716309 531.395264 1382.480957 712.374878 2 222
853.230957 283.374817 986.537659 402.049347 2 222
1635.408081 485.997589 1801.143311 634.186218 2 222
1078.129639 67.197533 1151.460815 140.894730 2 222
1247.381836 201.568436 1335.935913 292.087555 2 222
1097.689941 21.580980 1154.379395 63.009621 2 222
1902.218384 669.315002 3711.508301 2122.094238 66 222
1809.575317 927.525024 2123.924805 1253.603394 67 222
