1490.990234 243.096069 1593.345215 348.391541 2 25
866.928162 283.514099 983.187256 401.398529 2 25
1199.296753 442.618988 1334.152588 593.170105 2 25
1301.538330 14.710979 1355.780396 61.903091 2 25
1135.042969 684.564270 1330.013794 888.373657 2 25
1396.105347 143.122101 1475.802246 223.724197 2 25
1256.179199 264.603302 1352.201782 361.700012 2 25
1068.971558 173.042099 1174.057251 287.002808 2 25
1213.516235 50.925861 1261.088623 94.630386 2 25
1096.215210 86.777855 1157.162476 143.961182 2 25
1233.239014 151.789963 1309.742676 216.971619 2 25
1219.278076 23.285292 1263.713379 62.115437 2 25
1195.020264 0.759087 1239.999268 25.892714 2 25
1106.051025 44.618279 1153.625244 84.870010 2 25
