1543.697021 321.432129 1669.297485 444.400726 2 77
439.865417 1570.953735 982.591858 2136.318848 2 77
1158.391113 709.507935 1349.181274 892.099548 2 77
1666.404419 528.673523 1833.413818 722.387451 2 77
1251.179810 398.309418 1380.023438 541.429932 2 77
1088.987915 192.024292 1168.142822 277.768921 2 77
1010.959351 377.800476 1179.621948 554.628845 2 77
861.471008 283.750641 986.497498 403.346436 2 77
1303.812500 12.746943 1359.324097 61.548096 2 77
1382.693604 112.376572 1458.807373 181.686966 2 77
1250.772095 161.266922 1317.234619 224.378113 2 77
1204.082397 26.937788 1265.644043 83.616020 2 77
1084.027832 109.142815 1161.167603 172.868027 2 77
1230.240356 105.557892 1303.119507 158.297302 2 77
3614.992188 226.951202 3840.000000 343.846863 25 77
