1212.074341 348.492249 1337.714722 476.755127 2 12
854.170227 285.997681 985.848267 403.387054 2 12
1220.176270 96.570847 1294.308716 168.241760 2 12
1251.124756 201.446899 1339.565186 297.875946 2 12
1076.871094 143.415176 1172.726807 242.317078 2 12
1461.859985 194.626572 1549.399536 292.430756 2 12
1210.950073 550.576843 1338.014771 682.238586 2 12
1367.878418 112.804405 1444.084717 178.901810 2 12
1286.300781 4.663410 1341.811890 39.500023 2 12
1096.689087 65.989952 1159.193481 122.040932 2 12
1198.885498 30.746954 1250.535034 69.579391 2 12
3611.965088 219.519760 3840.000000 337.965424 25 12
402.228149 1707.705322 900.897400 2160.000000 67 12
