1541.424438 313.013519 1656.751099 438.357452 2 41
1143.524536 613.446899 1326.737793 800.371216 2 41
1435.405029 184.058975 1519.850708 277.030090 2 41
1249.892578 345.780243 1367.192017 470.931213 2 41
860.125366 282.218628 985.139893 406.114624 2 41
923.961426 980.849243 1252.007812 1292.825684 2 41
1061.508667 230.240234 1174.312134 345.618408 2 41
1250.948975 202.825684 1335.377930 289.732574 2 41
1319.451172 41.387440 1389.079834 93.752167 2 41
1092.934570 114.183479 1160.943359 174.510483 2 41
1221.545898 80.707451 1278.295776 130.241882 2 41
1095.984253 57.095428 1157.925903 107.374245 2 41
1192.682129 0.421886 1244.942993 35.931072 2 41
1218.440430 45.513550 1273.947510 90.483681 2 41
