1502.413330 1.416664 3644.868896 2160.000000 0 67
1503.969360 279.177704 1626.207275 397.520813 2 67
1634.925171 465.545288 1784.424561 629.230835 2 67
811.327271 1140.210571 1155.283081 1536.932251 2 67
857.766418 284.695923 986.083069 400.258362 2 67
1091.547729 168.236145 1168.218506 245.723404 2 67
1365.039429 82.081886 1436.857056 152.994675 2 67
1254.988525 338.812164 1376.120605 452.174133 2 67
1037.753052 316.496857 1178.994019 487.334717 2 67
1242.209229 134.208984 1305.142578 191.778931 2 67
1203.579346 17.300091 1261.537964 69.264961 2 67
1206.480591 563.637512 1373.315796 727.283447 2 67
1086.121216 106.908356 1156.776733 154.254669 2 67
1228.276489 81.303116 1300.223145 131.891098 2 67
1296.770386 2.282696 1346.793457 48.808075 2 67
3618.281250 224.849609 3840.000000 339.209259 29 67
