850.030212 715.875061 1060.712524 912.034790 2 163
1044.236206 396.017517 1165.886475 521.686218 2 163
1638.525513 435.245789 1788.678833 580.615051 2 163
857.182190 279.829102 985.092712 403.916687 2 163
1776.432617 860.831970 2010.356079 1154.948730 2 163
1233.396851 210.079407 1326.743164 301.674713 2 163
1199.518433 693.318054 1359.898682 888.142944 2 163
1457.315552 208.876175 1554.077393 299.739288 2 163
1197.616821 48.194958 1271.276001 107.569649 2 163
1244.122192 434.056641 1377.847290 566.307983 2 163
3611.190430 227.685684 3840.000000 343.533997 25 163
