683.078979 918.262634 975.575562 1192.478638 2 177
1078.904907 924.490051 1299.818359 1220.202148 2 177
1493.109375 266.602356 1596.894287 368.925354 2 177
1787.172485 1024.367065 2069.763672 1409.394531 2 177
1000.827637 486.505493 1148.785767 622.318665 2 177
851.137634 283.096039 986.245117 402.291962 2 177
1241.455566 257.828400 1343.882202 365.659210 2 177
1205.395996 70.563522 1278.922729 140.079681 2 177
1215.888550 556.605225 1384.292480 706.498779 2 177
1094.305786 32.318516 1149.266479 74.165894 2 177
1689.814331 514.880554 1863.738403 680.323853 2 177
1237.229980 548.897522 1370.219482 631.881836 2 177
1762.639282 1043.128296 2064.802490 1411.687256 6 177
1698.346313 533.956360 1863.909546 684.184082 7 177
3617.119141 226.357147 3840.000000 340.202972 25 177
