808.728577 1137.207642 1155.245972 1541.403687 2 67
1504.894409 277.732758 1626.427246 397.425598 2 67
849.396973 283.428375 986.658875 400.535065 2 67
1092.554565 167.171158 1168.543823 245.142960 2 67
1255.002441 344.564636 1375.175903 450.143494 2 67
1366.859009 81.484848 1436.872559 151.412079 2 67
1027.404297 317.061279 1187.494263 486.892761 2 67
1202.105835 591.628296 1368.903320 743.721619 2 67
1242.619263 133.739655 1303.916748 191.676971 2 67
1087.704102 107.322289 1157.077759 154.672272 2 67
1636.072266 448.777527 1776.420044 623.484619 2 67
1201.534180 19.871347 1262.497681 69.123055 2 67
1297.080566 2.975178 1347.488525 46.592499 2 67
1225.954224 81.083275 1301.324829 133.607941 2 67
1634.388306 465.316528 1785.608276 631.902222 5 67
3614.646484 222.516052 3840.000000 342.828918 25 67
