1493.554443 260.939117 1601.363159 368.336884 2 62
929.967346 997.656494 1219.240723 1312.700928 2 62
1613.123413 428.842255 1759.832764 585.185730 2 62
1220.121460 506.028076 1375.477539 668.487488 2 62
856.710449 284.067871 986.602417 401.577393 2 62
1251.609497 295.668610 1366.346069 407.281464 2 62
1088.530518 160.341904 1167.265137 229.459412 2 62
1355.580933 73.011299 1422.840942 136.987946 2 62
1238.005249 128.977432 1300.831665 181.709045 2 62
1043.718384 307.334167 1179.689819 450.750366 2 62
1289.133789 4.739685 1336.311279 38.932224 2 62
1202.617676 10.460586 1261.026489 63.735462 2 62
1085.573975 83.318359 1155.716919 143.161926 2 62
1224.561401 78.516647 1285.835815 124.097893 2 62
298.502075 1967.119751 746.670532 2155.661621 2 62
