919.278687 622.714539 1107.479736 793.538879 2 155
1765.630005 797.817139 1973.105347 1057.301880 2 155
1053.243530 348.093536 1175.323364 468.194031 2 155
850.836426 284.366913 986.703796 403.685730 2 155
1440.791992 179.320663 1524.030762 270.841125 2 155
1235.588623 186.000015 1316.493530 269.374573 2 155
1603.584106 407.856415 1742.908081 534.521912 2 155
1239.092773 594.511047 1380.490845 752.976440 2 155
1247.802002 403.324921 1380.758301 510.106506 2 155
1195.445190 33.105354 1260.344604 95.057709 2 155
1096.990234 3.477573 1152.375244 44.241882 2 155
1242.898193 573.739685 1373.887573 737.331360 7 155
