1505.126587 279.891449 1626.686523 395.158417 2 67
1629.525513 463.457428 1790.433594 627.011353 2 67
1206.321167 564.741882 1369.012695 731.598328 2 67
865.628479 282.143097 982.140137 401.545227 2 67
1257.476685 341.506439 1374.728149 450.259399 2 67
804.347351 1136.774292 1162.490845 1543.712036 2 67
1090.537109 169.676956 1168.459229 242.955307 2 67
1241.971558 138.685455 1306.497559 194.864944 2 67
1030.288086 314.427765 1190.132446 484.430664 2 67
1367.882324 89.273865 1433.517212 154.583008 2 67
1202.179199 19.864939 1263.151978 68.639198 2 67
1088.534546 108.552124 1158.806763 155.948517 2 67
1294.341431 3.310833 1340.311035 42.515312 2 67
1226.751709 82.730652 1302.093018 133.158188 2 67
1037.640503 311.460663 1182.569702 484.824005 5 67
