496.355530 1051.110962 868.149536 1420.766479 2 185
969.540405 544.921143 1139.943359 705.728699 2 185
1244.860352 291.478027 1348.596436 413.001221 2 185
936.427795 1141.727051 1244.966064 1515.750244 2 185
1519.151001 297.472198 1627.444458 412.382568 2 185
1803.149170 1159.331543 2090.052734 1577.980591 2 185
1185.813354 649.421387 1369.083374 825.631104 2 185
849.786560 282.932037 986.203125 401.172394 2 185
1212.250732 88.476845 1285.889282 160.211212 2 185
1094.620117 30.010927 1152.144287 79.675423 2 185
1728.690308 591.960693 1891.763794 751.971069 7 185
944.468262 1154.212402 1236.429199 1505.260254 7 185
1716.766602 346.873383 3684.722656 2147.652832 66 185
