1741.798218 1417.762207 2071.857422 2144.838379 2 146
982.863159 535.770569 1142.323364 685.281433 2 146
1574.609009 365.099457 1702.277710 480.640625 2 146
855.106873 282.941315 986.678894 402.906067 2 146
1226.681763 158.478806 1309.455444 240.252563 2 146
1063.779541 314.339325 1176.371948 419.049774 2 146
1412.915283 153.219208 1498.011719 233.320755 2 146
1264.385132 519.118713 1385.826294 644.690430 2 146
1246.560181 350.443481 1376.624878 441.861176 2 146
1195.750977 19.659117 1250.930664 82.218582 2 146
8.103905 1329.191406 604.659668 2088.660156 5 146
1738.635010 1453.747437 2068.628906 2098.117920 5 146
1744.620483 704.055237 1954.185059 960.195740 7 146
2.008581 1278.289917 610.361694 2034.241211 7 146
3612.572998 223.606216 3840.000000 342.759583 25 146
