988.487183 981.682251 1288.944214 1288.133667 2 206
849.290649 283.609650 986.748779 400.088745 2 206
1590.248413 401.801361 1718.867310 531.792297 2 206
791.800781 756.641541 1046.948975 994.252686 2 206
1232.529297 148.006546 1311.909180 227.666351 2 206
1243.188965 418.392090 1381.202515 552.786926 2 206
1082.463013 45.925022 1150.177246 110.654518 2 206
4.441795 1801.008545 343.072449 2143.021240 2 206
1798.652466 747.005493 2013.901367 991.380798 7 206
1883.317627 316.237091 3724.340332 2160.000000 66 206
