631.520081 1353.011597 1068.087891 1843.358765 2 52
1460.781250 228.325760 1556.489990 321.168915 2 52
1246.221436 434.191925 1370.973755 562.603333 2 52
1257.610962 246.053452 1349.114502 346.965607 2 52
1060.182617 796.908813 1281.704590 1023.936707 2 52
1581.215698 373.035492 1714.243408 504.957245 2 52
863.331970 283.227081 983.421326 400.857208 2 52
1342.679565 57.487732 1406.537598 117.302910 2 52
1054.188110 250.505096 1178.712402 395.736786 2 52
1092.117920 139.967880 1165.164551 204.131226 2 52
1194.399902 3.217678 1250.811890 49.034782 2 52
1088.509155 76.433365 1156.698608 126.491768 2 52
1220.739746 54.619385 1286.374390 100.969788 2 52
1228.412231 101.389267 1288.134766 155.868637 2 52
1280.309937 0.000000 1326.937012 23.399275 2 52
