655.500854 1221.804321 1094.057495 1708.460205 2 312
865.132446 282.685547 982.348572 400.631073 2 312
1054.418701 320.949432 1172.000854 446.358124 2 312
1304.760742 32.734795 1366.235229 78.644135 2 312
1151.543213 52.122055 1216.294556 105.318085 2 312
1274.716797 0.000000 1322.662231 23.214453 2 312
1095.106812 112.580330 1192.837524 226.128601 2 312
1018.059692 0.000000 3413.557861 2160.000000 6 312
1075.178223 69.785500 1191.319214 223.201553 7 312
1149.144531 0.000000 3530.358398 2160.000000 23 312
