666.868835 1338.882690 1081.429321 1837.698120 2 5
1216.922729 307.402466 1329.234619 423.817505 2 5
860.190796 281.031860 987.080566 405.099091 2 5
1438.359131 172.085144 1523.402954 260.482269 2 5
1245.277222 182.853806 1325.218994 264.687286 2 5
1097.987915 55.490108 1157.814819 107.041275 2 5
1228.478394 458.960815 1361.359497 602.422546 2 5
1352.867065 98.079750 1428.083496 160.741409 2 5
1079.343018 125.017426 1167.502563 215.761978 2 5
1220.486816 83.049423 1292.864502 149.219162 2 5
1716.563232 1456.791138 2069.000977 2129.442871 2 5
1201.441650 25.221403 1243.600098 60.569454 2 5
1282.010986 0.000000 1325.852173 27.896746 2 5
1198.764404 4.071350 1243.256348 38.069683 2 5
3615.225098 223.128998 3840.000000 342.281891 25 5
1713.052124 1477.231934 2082.066650 2145.234863 67 5
