1791.182617 719.676208 2004.855591 949.682312 2 203
824.894714 737.909607 1060.401001 969.088501 2 203
855.724854 281.309265 986.643860 404.001587 2 203
1242.794067 384.971680 1376.208130 535.187988 2 203
1035.780151 904.631287 1295.623047 1224.425781 2 203
1582.793579 390.250488 1706.719360 514.823059 2 203
1221.679810 134.213562 1307.128540 214.417633 2 203
1087.383789 47.016788 1151.542603 106.816856 2 203
1.244645 1642.549316 435.760895 2137.715576 2 203
506.834717 2049.049072 858.886658 2159.718262 2 203
3613.503174 226.266846 3840.000000 345.155396 25 203
