1854.322144 1000.583130 2123.208496 1329.281982 2 227
1249.629272 211.819946 1340.636841 314.497711 2 227
1198.687622 573.430664 1370.244385 771.975830 2 227
432.019714 1699.506348 990.699280 2160.000000 2 227
359.310211 1132.432007 809.804504 1617.224243 2 227
853.550049 283.383057 986.059509 401.736481 2 227
1077.973999 78.263565 1152.908081 153.050186 2 227
1651.410645 526.912964 1817.075806 681.757263 2 227
1094.612427 27.708948 1155.331543 65.756546 2 227
3618.772949 220.227692 3837.642578 341.708099 25 227
