954.380310 1000.107849 1284.677368 1327.141479 2 207
1809.582642 754.559265 2014.487793 997.744141 2 207
1240.779907 416.137146 1381.369629 560.485840 2 207
1588.203125 406.626526 1726.259766 540.835022 2 207
859.481445 283.772278 985.067993 404.958557 2 207
1231.037598 155.409042 1309.433716 229.251129 2 207
763.123108 827.682922 1017.857605 1038.553589 2 207
1079.993652 48.364044 1149.515137 111.833206 2 207
0.394621 1853.459595 296.620697 2148.556885 2 207
811.589661 752.737732 1042.425537 909.017761 2 207
1098.569092 4.411354 1156.671509 42.314297 2 207
