1162.936279 581.299988 1336.093384 752.957703 2 38
991.221924 913.322266 1249.207886 1216.936523 2 38
1525.267822 303.959747 1648.567627 420.498383 2 38
863.726562 283.882690 982.599182 402.415802 2 38
1066.100464 223.116867 1176.152344 333.539978 2 38
1423.827271 178.845627 1510.566650 263.363434 2 38
1253.291016 322.228058 1364.609741 444.565643 2 38
1242.309814 188.954758 1330.376221 270.900177 2 38
1217.175293 71.703011 1274.546631 119.144608 2 38
1094.598633 109.239861 1162.759888 172.374786 2 38
1193.804565 0.000000 1242.388794 33.697186 2 38
1094.357910 52.248398 1155.584229 103.189369 2 38
1323.280151 40.389114 1381.414551 88.276688 2 38
1215.834839 35.038891 1273.618408 74.098373 2 38
800.853394 336.455933 850.657043 463.134247 9 38
