724.562500 833.831482 1005.537598 1100.678711 2 173
1121.343872 868.981567 1321.334473 1101.480957 2 173
1235.868652 241.106522 1335.533936 350.014221 2 173
855.432556 279.432434 986.147766 406.023529 2 173
1780.894409 974.231812 2046.129395 1331.314453 2 173
1200.983154 61.003014 1273.770630 131.020889 2 173
1227.330688 528.528503 1384.660400 679.833862 2 173
1484.942139 255.638336 1582.863281 350.918396 2 173
1020.976257 464.710541 1157.143799 595.915894 2 173
1100.398315 32.181129 1148.925903 66.281204 2 173
1670.345093 512.092285 1840.744141 647.950623 2 173
1678.461670 495.491486 1831.305542 651.783936 7 173
