1556.890991 340.629944 1695.859619 485.580109 2 82
1083.618896 207.542374 1172.119019 295.874054 2 82
850.257507 282.748718 986.585510 399.816040 2 82
1308.516357 25.204008 1366.382202 71.989975 2 82
1391.865845 122.665321 1469.861206 194.772705 2 82
1202.363281 40.862556 1270.113159 93.646255 2 82
1238.467896 432.618347 1387.323242 585.860229 2 82
1252.444214 169.551880 1321.432617 237.039978 2 82
1231.288696 106.236816 1305.689697 171.594650 2 82
324.752106 1850.900024 813.941284 2148.225830 2 82
1084.549316 124.358475 1161.124878 191.809036 2 82
1115.859131 820.015503 1347.262085 997.962891 2 82
990.814087 410.771912 1163.719849 593.480713 5 82
1117.386597 748.737000 1349.357422 1002.333496 7 82
1679.422363 577.144836 1855.848999 775.625671 7 82
1479.904663 24.371908 3684.612793 2160.000000 13 82
1634.969116 36.166191 3726.233154 2160.000000 63 82
1691.378906 329.162262 3699.092773 2160.000000 66 82
