1203.868042 391.987823 1333.119019 532.477539 2 19
1467.785400 223.517639 1569.300903 321.983978 2 19
864.034363 280.142090 985.646606 404.908081 2 19
1251.586792 241.202988 1345.096191 328.897461 2 19
1168.225830 604.505066 1343.127319 779.533264 2 19
1229.902466 125.345184 1306.605713 190.748398 2 19
1379.586670 130.915604 1460.211426 196.628250 2 19
1077.321655 170.999100 1177.897583 263.783905 2 19
1087.212769 67.594070 1159.381104 134.811737 2 19
1294.135254 6.661663 1351.505127 48.879944 2 19
1211.577515 46.663567 1257.769287 84.536758 2 19
1201.113403 26.114214 1249.214355 66.465851 2 19
3618.715820 223.397583 3840.000000 345.497559 29 19
