1749.467285 818.120667 1980.456543 1136.172119 2 110
1133.802979 779.550415 1368.344604 1074.100952 2 110
1658.725952 493.563629 1828.226685 668.980042 2 110
446.542725 1572.344238 1016.573486 2158.403320 2 110
1067.999268 312.659882 1174.625000 422.456787 2 110
1454.033447 209.189407 1562.266846 298.520844 2 110
1245.493408 178.677399 1328.146973 265.543304 2 110
1216.428345 75.623695 1286.142090 144.141998 2 110
848.853516 283.731537 986.650146 400.947845 2 110
1272.009155 283.775482 1357.452515 365.016144 2 110
1347.204590 63.393856 1410.432983 125.874245 2 110
1077.308716 182.599289 1169.708374 266.030823 2 110
1179.289673 0.984993 1233.501709 28.659437 2 110
832.092896 601.091736 1077.645996 925.486389 7 110
3614.648682 222.774231 3840.000000 336.137329 25 110
1726.989502 384.104431 3676.620361 2136.784424 66 110
