939.062561 595.933289 1120.400513 770.077820 2 153
1757.404907 778.747498 1974.978027 1041.064453 2 153
1595.599609 398.323730 1740.092896 515.154175 2 153
1055.522461 341.272308 1178.802246 455.005280 2 153
858.332458 283.939453 986.164917 404.398376 2 153
1249.208984 380.900909 1374.143677 487.227478 2 153
1433.563110 178.500351 1518.985229 262.049316 2 153
1231.885010 181.541397 1316.500122 266.168152 2 153
1249.099854 573.862793 1374.209229 730.521423 2 153
1195.261841 35.390854 1257.750488 95.382721 2 153
1.359944 1641.906250 381.356415 2157.352539 7 153
1700.359009 1679.778809 2095.533936 2160.000000 67 153
