439.979492 1654.959839 986.460388 2151.123047 2 274
847.252625 284.612946 987.588562 403.958099 2 274
1066.816040 176.740601 1161.844116 280.755249 2 274
1193.560425 521.904358 1359.791382 691.006104 2 274
1804.474487 916.064270 2056.744385 1230.628906 2 274
1083.547241 56.393963 1173.555786 138.989639 2 274
1276.495605 2.436161 1326.241455 28.208254 2 274
1808.018921 948.146484 2049.293701 1243.760254 7 274
1090.361694 20.029562 1172.025024 136.164780 7 274
3612.059570 222.047073 3840.000000 340.828033 25 274
428.106598 1660.612915 996.683289 2160.000000 67 274
