905.999451 653.397156 1103.256836 830.412109 2 158
1617.045776 420.074829 1758.284180 546.765747 2 158
1766.122681 817.769348 1988.736328 1076.347656 2 158
1053.816406 366.628296 1173.324829 489.424988 2 158
1247.344116 406.926605 1373.401733 532.583374 2 158
862.687012 281.560577 984.029785 405.747284 2 158
1442.857788 188.252777 1533.226929 278.285736 2 158
1234.899170 199.217255 1320.170410 288.117920 2 158
1197.339355 33.985176 1258.760986 100.244972 2 158
1229.911743 624.949463 1371.354736 800.795227 7 158
3622.952637 228.860535 3839.636719 341.517548 29 158
