1491.325562 240.740997 1595.139282 340.349670 2 24
860.824585 283.928925 983.944397 403.231750 2 24
1255.892456 263.677917 1351.539673 358.502075 2 24
1069.509033 172.433151 1180.065308 283.423004 2 24
1139.657959 663.485168 1342.799561 867.000488 2 24
1204.712280 445.249542 1338.498291 587.092651 2 24
1393.988525 134.841614 1474.447266 216.307968 2 24
1299.527832 25.377043 1353.838501 61.449619 2 24
1230.750610 128.762161 1316.124878 212.819931 2 24
1214.059570 52.278610 1267.520630 94.027573 2 24
1085.814941 81.513969 1158.687256 142.254639 2 24
1100.000610 51.381966 1155.239014 86.215263 2 24
1216.781494 26.466063 1266.211182 63.243595 2 24
1055.653809 122.008888 1169.161499 286.992859 5 24
1204.741943 297.888763 3444.503418 2160.000000 13 24
3611.856689 216.688828 3840.000000 334.155548 25 24
1362.367920 304.970947 3570.052490 2160.000000 66 24
