1741.791138 1191.668457 2078.964600 1668.588989 2 135
1725.937378 651.157471 1913.590698 858.477234 2 135
519.423096 1648.812256 1043.270874 2160.000000 2 135
1530.680054 314.601257 1655.774658 418.215607 2 135
1073.220093 261.609650 1175.358398 362.621582 2 135
864.129089 285.151733 985.325500 407.487915 2 135
1023.270996 460.087585 1155.743286 586.625122 2 135
1280.088623 427.050354 1381.620239 543.950806 2 135
1221.934692 133.129807 1302.277466 209.523682 2 135
1189.355225 15.207538 1245.354614 61.710716 2 135
1249.112915 275.851349 1359.655762 372.720764 2 135
1389.609985 123.583023 1471.182495 197.468140 2 135
377.587158 1015.227539 809.712463 1550.344971 5 135
