1586.248535 365.698456 1718.361938 517.937805 2 87
1233.531372 487.396515 1392.965210 640.543884 2 87
853.934753 283.983643 985.666992 402.798492 2 87
1055.469727 862.822205 1318.396362 1111.615601 2 87
1402.659180 134.243546 1484.669922 214.477142 2 87
1254.366577 191.955292 1330.096680 263.242828 2 87
1085.717163 230.119965 1172.977051 316.095062 2 87
1205.308350 46.876427 1272.974609 101.069923 2 87
1238.218384 123.076622 1309.588501 188.830933 2 87
1078.333618 131.195068 1160.640137 201.650375 2 87
1314.954102 28.700121 1375.542358 81.293961 2 87
986.068115 421.677124 1162.597046 644.745361 5 87
1706.542236 619.615479 1877.196045 830.813660 7 87
1063.655273 832.125610 1312.073486 1126.416016 7 87
1698.301880 331.043915 3687.849609 2160.000000 66 87
