495.846252 1052.776001 868.593384 1417.182495 2 185
1721.712036 587.487793 1900.679077 751.848511 2 185
1805.118530 1159.483521 2085.606201 1582.349487 2 185
1244.293213 288.905273 1348.155884 413.115112 2 185
1521.318115 297.857422 1625.905884 413.688110 2 185
973.558350 546.509033 1134.726196 706.246338 2 185
1188.420166 653.756958 1369.168579 826.176636 2 185
941.085876 1116.168945 1241.453125 1503.053467 2 185
853.235596 280.517792 987.957520 402.054504 2 185
1209.978027 90.370499 1285.607666 159.372238 2 185
1091.965576 29.582117 1151.208618 79.266640 2 185
