1854.602661 1000.137451 2124.741211 1333.299805 2 227
430.601196 1701.339478 993.400452 2157.511963 2 227
1249.281860 214.228806 1339.780640 314.037079 2 227
1197.829834 571.506836 1368.286987 770.119690 2 227
364.912231 1122.982544 800.099426 1618.165161 2 227
856.278687 280.489990 986.316467 401.711060 2 227
1078.030029 74.314323 1151.953125 152.909073 2 227
1653.911255 522.885803 1815.418335 684.683044 2 227
1094.093628 28.734224 1156.329590 65.174728 2 227
3618.466797 224.666962 3839.305664 340.669769 25 227
