964.744202 497.509094 1143.361938 720.101013 2 344
861.899414 284.409576 981.690308 405.448944 2 344
1195.278809 123.545601 1277.120483 195.368256 2 344
1294.479492 21.187017 1352.186523 61.231609 2 344
1342.150024 73.181702 1415.360107 139.869339 2 344
1092.859863 32.813988 1149.008057 91.391251 2 344
1083.280151 212.331146 1206.937866 340.517334 2 344
1240.010132 0.000000 1286.832153 26.863344 2 344
1075.671875 171.478485 1211.767578 331.831940 7 344
1338.538574 56.943851 3558.302002 2160.000000 23 344
