1067.232300 790.195129 1317.247681 1099.394531 2 245
1253.675415 290.091919 1367.655518 418.298462 2 245
1711.862061 659.069580 1899.733765 849.981506 2 245
862.410950 280.794983 983.840637 405.280121 2 245
1075.755615 113.739677 1154.924316 195.637772 2 245
1094.460327 41.453186 1165.329712 90.740257 2 245
1891.301758 1328.340820 2219.439209 1972.563110 2 245
0.000000 1866.561523 323.690948 2153.177734 2 245
1882.678223 1383.859375 2230.271973 1952.464966 5 245
3614.653076 229.208099 3840.000000 340.484711 25 245
