424.813080 1618.399170 951.085754 2150.098877 2 57
1588.446899 393.705566 1742.363403 549.538147 2 57
1006.358154 853.520264 1250.475220 1167.643188 2 57
1472.728638 237.826874 1580.066895 345.094849 2 57
1253.361450 270.959015 1360.336670 376.711090 2 57
859.424377 279.793030 986.619019 404.270660 2 57
1348.715698 63.494221 1416.008057 130.373489 2 57
1232.902954 110.474503 1298.546021 169.421417 2 57
1231.163696 471.827850 1372.413696 616.115173 2 57
1044.582397 266.101105 1177.822754 425.493958 2 57
1088.670532 152.156967 1164.628174 215.746292 2 57
1286.928101 2.062397 1328.016479 31.650866 2 57
1090.066040 83.720108 1154.343628 133.624878 2 57
1199.176025 2.965450 1251.002441 50.505920 2 57
1224.497437 58.418308 1281.887695 106.615440 2 57
