1753.244019 1037.344482 2037.562134 1463.391602 2 127
1704.745728 601.378845 1880.876221 796.699951 2 127
809.694702 1259.181885 1203.462036 1778.380615 2 127
1509.059448 273.287415 1618.461914 380.609192 2 127
1251.243286 244.974045 1350.402832 337.870300 2 127
1044.202148 404.441162 1165.942749 530.201904 2 127
1074.585693 234.589798 1171.680786 326.198822 2 127
1279.238037 377.784088 1372.291992 478.017395 2 127
1375.867432 104.963142 1451.959473 172.514404 2 127
859.056091 282.619049 987.311646 402.435699 2 127
1220.119507 118.726151 1294.780640 186.579773 2 127
1183.426758 3.391742 1241.983643 48.433167 2 127
570.602295 826.084717 947.234436 1300.255859 5 127
3618.410889 228.585419 3838.361572 341.948975 25 127
