1497.493286 264.231720 1613.802856 385.401062 2 65
1625.447266 444.170013 1779.559570 607.188110 2 65
840.694153 1085.383423 1202.843750 1442.050537 2 65
1255.382935 321.587891 1367.786377 431.234406 2 65
858.899231 282.236237 983.212341 403.080353 2 65
1088.881104 168.524200 1171.200317 237.405960 2 65
1213.631714 540.548828 1374.442505 710.528809 2 65
1361.221558 83.281685 1432.967041 148.227646 2 65
1031.098755 307.459686 1190.238525 473.961395 2 65
1240.450562 133.202469 1304.962280 188.659393 2 65
1089.406860 108.210808 1159.838623 154.888214 2 65
1204.245605 15.660895 1260.628052 68.665695 2 65
1293.480957 2.984562 1339.434082 39.769989 2 65
1224.547241 79.276421 1286.673584 126.185982 2 65
