1086.474365 811.231201 1332.699219 1069.024902 2 85
1577.698853 361.312744 1705.926514 496.168304 2 85
1697.399658 594.133972 1868.890991 809.417908 2 85
1084.788696 218.570694 1171.573608 305.862549 2 85
861.992188 284.883362 983.644348 406.506592 2 85
1202.500000 43.255459 1274.777954 96.273415 2 85
1248.351562 489.499268 1382.735840 624.507935 2 85
1257.029053 188.146118 1326.751953 253.859695 2 85
1399.799805 127.853271 1476.989990 202.568542 2 85
1315.901733 29.650038 1372.670288 76.592438 2 85
1082.799561 131.275177 1162.513062 198.581757 2 85
1235.707642 111.799675 1307.250854 179.433273 2 85
983.458740 451.628815 1163.164795 634.818481 2 85
989.948914 424.707153 1160.073120 624.134644 5 85
3616.503174 224.570831 3840.000000 343.144653 25 85
