957.712646 955.233704 1240.195801 1280.236328 2 40
1534.039185 310.726532 1660.219238 428.114990 2 40
1150.914307 603.938904 1329.480957 779.463318 2 40
859.930298 283.800659 986.556335 403.967041 2 40
1431.665527 179.784271 1518.502808 272.421204 2 40
1062.767456 224.630692 1175.000366 340.070221 2 40
1250.715698 346.043793 1370.523926 459.889374 2 40
1321.911377 39.531380 1385.773560 91.938454 2 40
1220.639282 75.857727 1274.533813 125.087921 2 40
1094.468994 112.472816 1160.965576 173.453735 2 40
1252.261108 200.937302 1334.131226 286.280457 2 40
1092.801392 57.243000 1155.835693 103.995201 2 40
1192.373657 0.169544 1244.077148 34.392300 2 40
1218.914551 47.375675 1271.486084 92.379791 2 40
3617.177979 223.844818 3840.000000 341.570190 25 40
