1034.921509 433.891388 1162.123779 568.764587 2 169
1669.488892 481.034180 1816.522095 624.294739 2 169
786.556213 787.359192 1036.366943 1022.460876 2 169
1784.327393 925.712646 2025.795776 1256.657837 2 169
1231.794556 483.915466 1382.331299 623.056580 2 169
1238.566040 231.751892 1330.246948 328.379150 2 169
1160.597534 775.494629 1346.792603 1000.863159 2 169
1469.012817 235.238327 1567.643799 327.860382 2 169
863.593628 284.981567 984.645691 407.886749 2 169
1199.765015 54.794880 1270.914795 120.502159 2 169
1095.971313 22.132471 1149.751221 61.740471 2 169
