1020.223938 857.523132 1278.110840 1121.112427 2 35
1522.033203 288.270355 1632.613647 399.557281 2 35
1169.813232 550.948181 1329.947632 713.559570 2 35
1251.738159 312.007812 1364.103394 426.640076 2 35
1414.585449 172.563965 1502.198242 255.464966 2 35
861.838196 281.742645 987.141235 405.581451 2 35
1064.860474 200.497955 1175.324585 320.459045 2 35
1243.713135 180.422852 1324.136475 257.163727 2 35
1313.029785 29.313925 1372.731323 81.032059 2 35
1093.761597 107.844482 1160.051880 161.772293 2 35
1217.280518 70.056496 1271.039551 118.353645 2 35
1096.314819 51.750065 1160.570068 95.464317 2 35
1192.069580 0.000000 1244.151489 31.845701 2 35
1215.609497 33.395290 1272.084229 72.223488 2 35
