720.276245 837.229248 1012.079041 1101.412354 2 173
1120.135742 859.696289 1325.344727 1104.383667 2 173
1674.562622 497.589783 1830.540527 650.531555 2 173
1236.440430 240.890686 1337.744873 349.600616 2 173
847.312988 283.285553 986.743530 401.589752 2 173
1780.917847 972.057678 2046.490356 1334.766235 2 173
1482.428467 254.834961 1585.062500 352.745117 2 173
1228.253418 556.460571 1386.395020 672.498169 2 173
1203.112671 63.776546 1273.389771 131.209488 2 173
1016.127258 460.964783 1161.076538 595.696960 2 173
1101.170654 27.279909 1148.143311 65.796829 2 173
1241.205933 509.922485 1365.705322 596.516968 2 173
1762.769043 988.678162 2057.112549 1306.437134 7 173
1653.774902 490.998077 1820.447998 648.916504 7 173
