1629.401855 432.304108 1774.742920 587.005310 2 99
1080.043335 264.710876 1173.488037 366.221344 2 99
851.210693 1131.119507 1226.570312 1543.133789 2 99
857.568115 283.938782 985.169067 401.050293 2 99
1266.987183 240.070602 1343.120117 311.724579 2 99
1724.588989 715.805847 1934.115723 979.404419 2 99
1241.617065 152.701019 1319.660767 227.819351 2 99
1436.671509 172.142242 1517.940186 259.667816 2 99
1201.998657 612.753723 1391.791626 807.288391 2 99
1080.492554 156.276505 1163.889404 230.415222 2 99
1329.316650 47.660976 1392.019775 102.871048 2 99
1213.494751 53.738075 1277.776245 119.365936 2 99
1719.250488 688.737244 1941.930176 974.125366 7 99
924.066589 514.012268 1135.795044 752.888245 7 99
