1141.276489 713.229187 1360.721069 952.357605 2 192
1728.187500 642.485107 1947.536621 820.971313 2 192
1803.741455 1316.049683 2117.207520 1834.737061 2 192
922.967712 613.027588 1109.446899 791.034912 2 192
1540.438477 336.885651 1658.101929 450.862854 2 192
1245.450317 332.860535 1358.456421 454.148224 2 192
855.720398 282.380554 986.632385 404.023468 2 192
1215.753906 108.673317 1293.218018 178.439468 2 192
291.805695 1224.061646 748.852356 1691.265259 2 192
788.307434 1381.947021 1139.872437 1853.899048 2 192
1093.845947 39.161678 1146.569336 90.086510 2 192
774.178589 1374.146973 1128.494507 1868.270264 7 192
3615.059326 226.934723 3840.000000 343.582520 25 192
