1109.697388 690.728027 1306.584473 916.035156 2 47
788.646912 1172.354614 1162.296021 1544.864380 2 47
1445.887207 205.343964 1542.443726 297.314392 2 47
1560.307251 347.855499 1686.343750 476.856964 2 47
855.386475 283.796875 985.509033 404.801666 2 47
1053.083496 253.022217 1178.475952 374.877075 2 47
1257.476318 233.448135 1344.483887 317.669769 2 47
1243.816895 393.195282 1374.351807 519.642395 2 47
1087.094604 125.860512 1163.392578 193.559631 2 47
1329.093262 49.025055 1394.411987 104.957825 2 47
1195.700928 0.558815 1252.381226 44.958569 2 47
1219.307251 49.191051 1286.042114 94.903328 2 47
1219.261597 87.220108 1283.598267 140.539398 2 47
1093.815063 73.306213 1157.100220 115.233360 2 47
1276.161011 0.000000 1323.101685 20.497969 2 47
1049.845215 208.623032 1170.666260 375.869049 5 47
