1749.012329 922.636719 2016.835938 1284.773193 2 119
1017.756470 1013.451538 1308.841064 1339.762085 2 119
1482.534668 245.668243 1590.147827 336.159424 2 119
1057.429810 352.735718 1173.027222 475.992950 2 119
860.346313 282.685089 986.251099 401.140106 2 119
1275.725464 334.142273 1369.744629 419.139618 2 119
1214.256836 91.745621 1292.263062 165.999176 2 119
1250.725708 211.273254 1341.371704 297.749603 2 119
1181.597412 4.098301 1237.296509 38.287979 2 119
1361.931396 77.365486 1433.177979 149.395508 2 119
1072.064819 203.339417 1174.242676 296.557037 2 119
726.048523 710.087646 1004.214294 1067.733765 5 119
716.257996 700.744141 1021.292236 1081.218018 7 119
1685.103516 548.219116 1855.718872 733.596436 7 119
3619.043701 220.298294 3839.020264 344.643616 25 119
