1743.523193 823.208069 1989.346558 1146.563843 2 111
1126.722412 801.235413 1359.946045 1094.762085 2 111
1661.179810 492.955475 1830.476807 673.124146 2 111
1071.151001 320.166077 1172.999268 425.231537 2 111
427.087738 1649.501831 992.650391 2150.621338 2 111
1461.016479 212.077667 1561.019531 301.166931 2 111
1275.088623 294.042542 1357.766724 375.262177 2 111
859.711182 282.294159 986.283386 403.831085 2 111
1216.548340 80.273315 1287.235229 146.575119 2 111
1346.736084 65.198364 1417.825806 130.077209 2 111
1245.311279 181.014511 1328.923462 266.341431 2 111
1075.845215 187.789978 1171.383423 267.932953 2 111
1182.345947 1.407680 1232.750244 29.355524 2 111
823.744507 608.836060 1075.078491 934.066589 7 111
