1851.665283 1075.611206 2154.084229 1471.830078 2 232
1167.533813 617.382141 1365.342041 849.430359 2 232
1253.749634 229.126495 1350.356323 336.878113 2 232
853.166199 283.775238 984.704102 400.303314 2 232
178.595001 1282.421143 725.157227 1863.038574 2 232
426.451996 1996.994385 830.038025 2156.927002 2 232
1091.781616 27.070711 1163.281616 71.951347 2 232
1078.414673 86.853897 1152.620239 161.611511 2 232
1674.846802 552.979187 1834.424805 728.963867 7 232
1686.718506 641.908020 3718.957520 2135.171387 66 232
