859.136047 283.302826 985.951599 404.301880 2 46
815.050049 1144.345093 1150.779663 1525.460693 2 46
1446.905029 202.835526 1541.234863 296.609558 2 46
1253.880127 235.475677 1341.182983 315.446747 2 46
1056.598267 249.892380 1181.711914 372.651764 2 46
1554.203979 341.075348 1677.372803 464.843872 2 46
1325.545044 54.980331 1397.766235 107.663551 2 46
1085.366821 124.015038 1163.897095 191.033463 2 46
1247.101807 402.430786 1377.904053 513.837891 2 46
1217.034546 70.068169 1285.190063 134.140656 2 46
1188.194946 4.946365 1260.762573 45.599438 2 46
1093.031372 72.656418 1157.443726 115.222374 2 46
1216.717407 52.786842 1278.247437 100.365768 2 46
1103.958496 697.071838 1291.171265 893.301636 2 46
1051.962891 203.905212 1173.314453 374.211365 5 46
1548.639771 306.371490 1680.723999 465.922943 5 46
1110.758667 681.865601 1310.659912 900.393738 7 46
1538.049927 309.333435 1682.799194 463.742371 7 46
1224.833130 307.174042 3433.090088 2160.000000 13 46
1524.118408 357.427917 3633.873291 2160.000000 66 46
