1759.835938 1077.216309 2042.909180 1508.819702 2 129
1712.934937 599.492676 1894.547729 817.714966 2 129
1276.718872 388.021301 1375.196167 490.885132 2 129
1379.609131 108.253662 1452.761108 177.443497 2 129
748.018982 1342.402832 1157.926392 1903.292847 2 129
1247.131226 249.007294 1349.394165 342.411682 2 129
857.904602 280.357239 986.135986 405.811707 2 129
1513.622192 283.747437 1627.293823 388.089386 2 129
1073.402710 235.304367 1175.149292 333.852875 2 129
1219.755005 120.958778 1294.629028 189.226212 2 129
1039.246216 419.628265 1166.343750 545.899170 2 129
1182.639526 3.476486 1242.679565 49.617115 2 129
537.009277 856.113953 928.780457 1357.537231 5 129
551.854187 830.476624 927.965027 1314.735474 7 129
3615.994873 228.881363 3839.189209 343.333710 25 129
