1053.941528 872.059204 1309.948853 1114.904663 2 87
1705.465332 621.217285 1879.490112 830.711914 2 87
1584.680420 365.059082 1720.056396 519.414917 2 87
1235.991211 483.891754 1392.326660 642.903748 2 87
852.101746 282.938446 987.732300 401.748474 2 87
1257.082275 195.143387 1328.258301 261.570831 2 87
1402.707031 138.620102 1486.616699 213.495132 2 87
1085.253784 229.478638 1171.645996 315.708710 2 87
1202.973511 45.964676 1274.172729 99.732567 2 87
1080.651978 130.928070 1163.370605 202.475845 2 87
1237.094727 121.622993 1307.798096 188.624023 2 87
1316.193115 29.063643 1375.178345 81.718361 2 87
985.666199 421.133636 1164.287842 643.901550 5 87
