1526.545410 294.631317 1640.201050 415.340851 2 37
1002.690063 920.510498 1252.067627 1171.895508 2 37
1426.320068 174.015305 1508.577759 262.708832 2 37
1252.234375 321.291382 1367.056152 442.208252 2 37
854.029236 283.887390 985.674561 402.211273 2 37
1063.508667 220.901749 1181.504150 333.506104 2 37
1159.726562 560.759644 1334.561890 737.225037 2 37
1242.214355 183.991913 1331.036011 267.417969 2 37
1218.170410 75.972229 1273.486328 119.515282 2 37
1088.429077 104.403587 1161.970703 169.490540 2 37
1095.345337 53.871399 1157.946289 100.287834 2 37
1321.204834 37.592064 1383.932495 88.906113 2 37
1193.388794 0.000000 1242.390991 32.738113 2 37
1219.083008 37.051388 1270.668579 72.294502 2 37
1136.432495 82.887375 3528.233398 2158.372559 13 37
1637.474365 20.695036 3731.727539 2160.000000 63 37
1687.623291 332.607971 3712.489990 2160.000000 66 37
