613.395752 929.955872 956.363159 1272.623047 2 217
759.059937 1256.349731 1174.240356 1761.093140 2 217
1836.760376 858.098816 2071.957031 1146.255493 2 217
1239.045776 179.229462 1325.232178 267.028992 2 217
1226.361694 488.101257 1384.329346 656.927429 2 217
849.553772 282.219879 987.656982 401.955505 2 217
1617.569458 451.704926 1769.171387 602.132935 2 217
1077.366943 66.633682 1150.222168 129.213867 2 217
1099.952759 17.160702 1153.524170 53.719536 2 217
3614.231445 228.345779 3840.000000 342.217926 25 217
