1494.768921 265.554657 1615.897583 385.998901 2 65
846.493896 1081.377563 1201.817627 1441.453979 2 65
1633.233276 445.583710 1771.008911 611.005310 2 65
1254.646729 321.353638 1370.282349 436.673920 2 65
1091.474487 167.982895 1169.135010 240.797989 2 65
854.306213 282.973816 987.601501 400.201141 2 65
1361.645996 81.992622 1429.266602 149.861511 2 65
1207.312256 542.872559 1381.894653 708.102600 2 65
1239.686157 134.279480 1305.861816 188.918823 2 65
1027.415649 311.410645 1187.849854 478.248810 2 65
1199.983154 18.746737 1264.365234 67.599388 2 65
1225.827271 78.389961 1284.912476 126.669037 2 65
1292.975952 2.845630 1341.072998 43.126656 2 65
1084.443848 84.058907 1157.951538 150.378098 2 65
1362.464844 330.990356 3582.316406 2160.000000 13 65
1689.695435 327.573364 3700.970215 2160.000000 66 65
