878.471802 1229.119019 1202.875854 1621.999146 2 188
1245.775513 314.675873 1354.045532 426.468872 2 188
405.265991 1119.564209 834.720276 1547.938477 2 188
1523.395630 318.173645 1638.780273 423.142303 2 188
1728.577637 609.422668 1921.672852 784.384521 2 188
954.687988 563.088989 1131.109253 739.597595 2 188
852.411133 282.680847 985.964661 401.098358 2 188
1212.061157 95.446182 1287.833740 167.409882 2 188
1169.810547 697.203918 1362.031006 880.439148 2 188
1811.616089 1222.110596 2100.052490 1703.748413 2 188
1093.168457 40.024906 1148.185425 86.231453 2 188
1729.091797 351.534332 3681.636963 2149.167480 66 188
