1215.337036 368.177460 1334.520386 494.018768 2 14
1457.646973 205.689911 1554.625977 294.523071 2 14
865.119446 283.737701 984.832703 401.886261 2 14
1254.373047 218.206772 1337.167847 306.377319 2 14
1196.844604 548.022034 1360.628540 710.418518 2 14
1076.183594 141.040192 1172.447632 248.851532 2 14
1287.713501 3.574848 1341.019409 44.338699 2 14
1369.435425 119.936195 1446.187256 185.901138 2 14
1099.830811 71.760002 1160.076172 124.051544 2 14
1223.430420 112.298347 1301.655151 173.403610 2 14
1200.694580 22.923258 1251.309937 67.240845 2 14
360.462097 1849.489868 869.416321 2147.003662 2 14
1104.219604 30.743177 1148.560913 66.150856 2 14
1199.788330 4.913005 1245.448608 37.192665 2 14
338.552216 1849.851318 842.482117 2150.371338 4 14
1127.407471 20.137251 3543.345947 2160.000000 6 14
