818.595398 1178.502930 1221.626953 1585.500610 2 100
1077.817383 272.254242 1169.903564 369.125275 2 100
850.601624 282.928375 987.366577 403.009613 2 100
1197.852173 642.514099 1385.201660 835.446838 2 100
1630.839478 435.300720 1779.214478 595.869080 2 100
1240.585815 155.638260 1319.127319 230.638260 2 100
1265.937866 247.465195 1343.290894 313.480194 2 100
1439.487793 176.089890 1520.831055 261.592590 2 100
1078.426270 157.996658 1166.980225 234.558777 2 100
1333.933838 49.488026 1392.030884 103.530571 2 100
1209.870850 66.906563 1275.222534 122.432434 2 100
1722.413940 719.015076 1937.090332 991.783142 7 100
921.915222 524.340210 1130.036255 755.841125 7 100
3618.726807 221.678802 3838.403320 343.283264 25 100
