605.176453 1371.673706 1034.873413 1913.192505 2 53
1045.916748 798.012512 1281.226807 1049.931519 2 53
1254.759521 254.436020 1351.888794 354.463562 2 53
857.292847 284.962677 987.645874 407.337769 2 53
1464.963379 229.501984 1563.902588 325.846130 2 53
1585.746094 372.736786 1713.265625 515.073853 2 53
1088.122925 132.151443 1164.582764 205.512192 2 53
1043.154297 246.279251 1177.069824 408.824707 2 53
1240.049561 433.143982 1375.995483 570.468262 2 53
1339.825684 50.944801 1406.186279 116.756912 2 53
1091.587646 84.454590 1154.401978 128.224976 2 53
1225.664307 105.493233 1287.776245 159.702972 2 53
1192.667847 1.190357 1253.104248 47.512604 2 53
1226.484375 63.783298 1276.465088 102.062981 2 53
1282.629272 0.000000 1334.758423 26.634176 2 53
1214.270142 289.758087 3435.560547 2160.000000 13 53
1393.963867 308.774841 3543.417969 2160.000000 66 53
