1099.832397 814.129089 1336.565308 1073.721558 2 198
1759.159302 693.758423 1979.715820 885.199097 2 198
855.037292 283.024048 985.975281 401.266693 2 198
1565.562134 363.241394 1684.322510 486.618774 2 198
1249.257080 368.572418 1367.156494 487.448822 2 198
873.308472 701.247803 1075.680664 876.705872 2 198
1806.847168 1478.778687 2121.704834 2079.820068 2 198
1090.824341 39.883286 1153.866455 96.849571 2 198
1221.457275 112.910324 1302.916138 200.283157 2 198
25.675591 1413.508057 602.970154 1993.022095 2 198
606.569336 1685.015869 1003.352905 2119.585938 2 198
581.812622 1703.250854 998.392822 2160.000000 5 198
1807.207764 1494.957886 2123.053223 2128.664307 5 198
3613.635010 224.774994 3839.985352 342.439941 25 198
