857.336121 283.779694 985.907288 403.599335 2 21
1474.543579 231.672012 1576.273560 326.014343 2 21
1252.908325 243.689453 1347.396973 338.854156 2 21
1069.982544 159.246017 1178.918213 273.280426 2 21
1207.848145 418.149689 1333.645996 558.897156 2 21
1384.807251 131.790726 1466.556030 206.523163 2 21
1154.196289 622.964600 1346.523438 801.975159 2 21
1231.119751 131.768524 1307.329346 196.485321 2 21
1296.712524 12.663516 1350.698364 56.356369 2 21
1094.756348 79.246727 1159.397827 135.012924 2 21
1211.910889 48.436600 1261.865723 89.699074 2 21
1101.064819 34.099560 1149.837769 75.871292 2 21
3616.019531 225.655273 3840.000000 340.227325 25 21
