1752.349487 755.208191 1958.152222 1011.645325 2 151
1589.084839 386.578430 1728.915161 506.865906 2 151
954.493835 583.702759 1124.744385 744.007935 2 151
1232.503296 173.427078 1315.290405 260.065247 2 151
1059.315186 318.367188 1178.962891 443.659363 2 151
1250.113037 379.021210 1377.659546 477.986053 2 151
856.122437 283.931000 986.503784 403.761627 2 151
1433.867065 171.853516 1513.693481 257.050415 2 151
1248.884155 553.617432 1379.827271 704.827026 2 151
1197.179565 22.382524 1256.393555 86.621300 2 151
1733.811401 1613.728516 2065.472412 2148.332031 2 151
1704.776245 1594.076294 2087.227783 2160.000000 67 151
