886.316162 663.739563 1095.700928 856.501282 2 197
1098.029297 799.501282 1346.348022 1052.564453 2 197
1753.832031 658.665588 1974.883423 886.378296 2 197
1801.283936 1455.167236 2126.888916 2063.338623 2 197
865.805176 282.471069 984.628113 407.425201 2 197
1245.033081 361.696106 1367.149536 485.574036 2 197
1552.121826 350.002533 1675.987427 480.256653 2 197
63.251949 1393.611084 634.854004 1922.388062 2 197
1217.701294 115.768997 1298.087769 195.933487 2 197
1093.394165 43.927399 1147.603394 93.267342 2 197
1737.973877 659.011780 1969.018555 879.478516 7 197
594.887878 1626.370850 1032.209473 2160.000000 7 197
3614.110596 225.379593 3840.000000 345.771210 25 197
