1083.693359 209.802231 1169.933350 293.454651 2 82
855.196228 282.650848 986.462830 401.146637 2 82
1558.242676 341.048798 1693.478638 482.357239 2 82
1396.950928 124.228127 1471.532227 193.447479 2 82
1248.011841 460.167023 1384.048584 587.690613 2 82
1307.541748 27.175024 1368.688721 72.995567 2 82
1204.528687 36.935230 1269.515991 94.338333 2 82
1082.438843 125.302612 1161.639404 194.960510 2 82
1253.071167 181.383575 1322.081665 244.331345 2 82
1233.564941 105.889656 1307.535034 171.958221 2 82
1120.707886 820.708313 1347.490112 998.715210 2 82
1248.584595 140.432159 1307.245361 180.625870 2 82
987.773376 414.673798 1166.600342 596.324036 5 82
1676.920898 583.397095 1850.252808 777.877747 5 82
1121.907349 760.305908 1351.039795 997.197937 7 82
1557.856934 338.227814 1694.603760 479.498047 7 82
325.554169 1849.257568 820.578552 2152.355225 24 82
