1751.684692 886.141479 2004.122192 1226.100952 2 116
1059.026367 340.425323 1174.088867 453.078430 2 116
1059.077026 896.577454 1322.861328 1247.215088 2 116
1677.637329 531.650696 1851.964478 714.414246 2 116
1475.315918 234.899475 1572.469849 324.295441 2 116
864.699524 284.335785 984.780396 403.241943 2 116
1252.581299 212.110168 1334.822632 289.924255 2 116
1213.473999 92.058098 1289.128784 156.734375 2 116
1181.636230 3.368854 1234.854004 33.441525 2 116
1356.505615 75.664093 1425.555420 137.003738 2 116
1078.726318 204.179520 1167.626953 283.995667 2 116
1270.291504 306.421478 1364.048584 399.910553 2 116
754.633118 668.533386 1056.439819 1030.913940 7 116
