1757.242554 1120.056274 2052.695312 1559.723633 2 131
654.057739 1417.498047 1144.564819 2063.975342 2 131
1716.477905 638.585327 1910.591675 830.823425 2 131
1250.139526 254.970688 1353.695435 358.898376 2 131
1031.675781 433.350098 1156.645996 556.424622 2 131
1277.519409 405.036713 1375.769531 506.488342 2 131
1387.113281 109.203979 1461.109619 182.456924 2 131
1217.257324 120.753357 1294.314941 195.318939 2 131
1521.149902 295.542053 1628.429688 395.588806 2 131
856.495117 282.058167 986.093750 401.245392 2 131
1070.123901 241.448242 1173.028442 343.590179 2 131
1191.015991 18.926180 1238.958252 57.087189 2 131
516.390930 904.848328 933.457336 1418.340576 5 131
481.216125 910.206726 889.507751 1410.372070 7 131
3616.227783 219.327835 3837.904297 332.255371 25 131
