854.906067 283.726715 987.362061 401.150879 2 169
789.930908 769.354004 1038.988037 1016.799011 2 169
1161.711548 775.292114 1345.082031 1004.898071 2 169
1029.212769 433.106201 1160.838867 572.546753 2 169
1787.164185 929.519897 2028.098755 1254.118408 2 169
1239.264893 229.993958 1331.235229 328.444031 2 169
1232.966064 488.384369 1385.227783 624.955383 2 169
1476.049072 233.846725 1569.835205 328.690308 2 169
1199.077881 53.692699 1270.219604 120.518753 2 169
1665.779053 491.238190 1821.018311 621.265015 2 169
1098.386230 18.918741 1145.839233 60.888344 2 169
1671.669312 481.092987 1814.505493 624.502136 7 169
