611.989807 1415.746704 1103.327637 1990.548096 2 221
1849.918701 902.022339 2084.588135 1222.949219 2 221
1218.151001 523.275574 1384.339722 695.421021 2 221
862.600037 281.265656 985.341309 404.941956 2 221
531.174500 989.238098 896.161926 1377.435547 2 221
1240.997559 186.544174 1331.285522 283.548187 2 221
1078.725830 64.984184 1152.669067 139.455521 2 221
1638.750488 484.468781 1797.648926 634.533081 2 221
1094.859009 18.984201 1155.609863 63.174873 2 221
587.511719 1399.822876 1078.056763 2010.580811 7 221
1654.422852 492.104950 1791.233276 634.779602 7 221
3613.635986 223.069366 3839.803223 338.140167 25 221
1902.175415 678.997070 3706.606934 2103.434082 66 221
