1814.144287 757.350708 2014.007812 998.707275 2 207
955.443054 993.819641 1291.187256 1321.436157 2 207
1243.155396 420.891022 1383.045166 558.582886 2 207
855.001648 283.158966 987.864258 402.781097 2 207
1590.603760 402.175232 1721.734497 542.595398 2 207
1231.072754 149.261047 1313.355713 230.955154 2 207
788.820435 769.518555 1040.213135 972.917786 2 207
1082.312256 48.301159 1150.460815 112.157700 2 207
2.197237 1849.760620 294.124878 2149.576660 2 207
1102.881226 2.432899 1157.366333 44.597164 2 207
