571.343445 1371.847656 1062.977783 2140.653809 2 270
1796.989258 888.315674 2014.672485 1182.886841 2 270
843.649109 284.704376 988.292053 401.209137 2 270
1209.763794 478.376617 1367.898315 636.786194 2 270
1092.335449 35.585232 1171.631348 127.232315 2 270
1054.622559 137.030869 1156.527588 269.996796 2 270
1273.150757 0.000000 1324.989990 23.592394 2 270
1789.259277 912.740173 2020.621338 1173.028931 7 270
563.617859 1228.904907 1064.603638 2073.987061 7 270
3614.054443 224.187454 3839.590088 335.946777 25 270
