862.690186 285.656891 983.746765 404.565094 2 26
1493.435547 252.239212 1599.036377 355.417084 2 26
1257.190186 270.596100 1354.904175 365.523010 2 26
1302.849976 19.575861 1355.529541 63.234497 2 26
1397.283936 145.130417 1478.746216 225.130569 2 26
1125.758057 690.823242 1328.518677 912.435791 2 26
1066.384277 171.703934 1174.794312 284.746857 2 26
1237.398804 154.393494 1312.951538 221.361572 2 26
1199.896240 459.106140 1330.505615 603.168701 2 26
1213.016113 52.119022 1263.816895 97.303383 2 26
1095.794312 85.097404 1158.355225 145.031769 2 26
1101.648315 44.961830 1156.093140 85.386139 2 26
1193.359375 0.581875 1238.987427 26.644762 2 26
1217.346313 28.732737 1262.997925 68.464676 2 26
3618.253662 220.275635 3838.545410 340.782135 25 26
