1216.006104 289.387299 1330.242676 395.584351 2 1
780.550049 1190.394043 1160.104126 1621.516235 2 1
859.752075 284.972748 987.270508 401.373352 2 1
1731.643433 1409.489014 2072.475830 2020.262451 2 1
1430.304199 161.715759 1515.560303 239.500336 2 1
1242.229492 178.847336 1322.392944 251.159576 2 1
1231.969238 428.283203 1356.322388 563.483704 2 1
1097.636353 46.191612 1156.603882 97.535301 2 1
1216.836060 79.482758 1286.844849 136.390228 2 1
1079.514282 127.150375 1170.986450 203.273041 2 1
1344.520386 87.298615 1422.524414 145.967102 2 1
1198.658691 20.538652 1246.557983 61.076256 2 1
1275.878784 0.000000 1322.848389 22.076395 2 1
1196.093140 2.356910 1243.332275 39.547802 2 1
1759.528564 1421.871826 2093.203857 2018.619873 5 1
3615.930176 222.287277 3840.000000 339.351410 25 1
