1621.910767 421.579041 1765.345947 571.381287 2 97
891.098877 1083.265381 1240.168091 1461.246338 2 97
859.587891 280.078796 984.680725 406.001343 2 97
1082.285767 264.097595 1170.853149 355.509308 2 97
1211.006714 594.125732 1391.188232 785.097839 2 97
1080.710571 153.089325 1162.833618 227.923157 2 97
1265.249268 230.257858 1338.036865 302.638519 2 97
1243.532715 151.565994 1320.079468 219.579834 2 97
1329.071045 46.344906 1390.575806 98.660652 2 97
1430.893188 165.633072 1514.186523 246.968979 2 97
1211.757812 53.101440 1278.044922 118.165565 2 97
937.981079 505.774353 1145.190552 738.242310 5 97
1721.438110 666.321350 1930.887085 943.074463 7 97
926.739624 478.865509 1151.538940 708.346802 7 97
