1482.012329 237.289337 1588.365234 334.307770 2 23
1258.039062 255.643723 1349.561646 355.824615 2 23
1389.916748 134.318161 1471.471069 214.981827 2 23
855.195068 282.311432 986.250549 400.259277 2 23
1073.349976 172.275452 1177.013062 279.587616 2 23
1147.407837 654.595398 1340.411987 842.786133 2 23
1202.549683 427.320648 1337.192627 575.986023 2 23
1298.747070 15.952834 1352.312378 59.430996 2 23
1231.704224 137.476379 1309.002197 204.589569 2 23
1095.560547 82.300583 1155.655518 138.328857 2 23
1215.261597 48.370396 1259.513062 89.780151 2 23
1216.743408 22.954042 1260.470215 64.794327 2 23
1098.597900 33.269405 1148.743774 75.710846 2 23
1195.548828 3.365650 1235.317261 29.402903 2 23
1290.538208 0.000000 3623.825439 2160.000000 6 23
3616.147949 221.548447 3840.000000 337.940582 25 23
