863.689453 282.711395 983.476807 403.779572 2 323
1278.677734 4.557667 1324.161987 36.159496 2 323
1030.982910 364.483551 1171.180908 529.455139 2 323
1317.553223 33.079491 1379.514648 101.530602 2 323
1166.316040 64.356995 1228.822388 128.180573 2 323
287.061188 1736.198853 838.564087 2152.946777 2 323
1089.706909 135.966797 1196.652466 261.647644 2 323
1099.717407 18.237991 1145.912598 54.077908 2 323
1075.827881 110.926491 1196.740479 257.819000 7 323
3614.480225 227.720932 3840.000000 341.126373 25 323
