822.965515 735.495972 1066.618652 964.140442 2 166
1645.716187 459.786163 1808.984375 605.130920 2 166
1785.733643 890.133789 2013.101196 1202.789551 2 166
1037.327637 418.900879 1168.700317 548.583069 2 166
1237.940674 214.278702 1329.668213 316.984619 2 166
857.427368 281.921417 987.004333 405.164673 2 166
1198.785156 51.264091 1267.714966 115.871025 2 166
1182.772827 712.108582 1355.942017 943.373962 2 166
1227.282593 453.066528 1383.531738 605.530212 2 166
1470.769897 227.032913 1559.709229 319.080719 2 166
3615.513916 229.244141 3838.428223 344.328217 25 166
