761.279541 1207.718750 1129.960205 1620.786865 2 48
1446.680786 209.941742 1547.283936 301.280457 2 48
1096.803711 711.433044 1296.926758 933.816467 2 48
859.642395 285.817444 984.238770 405.737091 2 48
1247.578003 401.654419 1371.842529 522.911682 2 48
1256.484497 238.103592 1345.703857 322.703796 2 48
1564.223389 343.839081 1687.252319 481.291779 2 48
1334.523438 54.097076 1395.484985 107.340714 2 48
1052.587402 254.036514 1178.551392 377.562897 2 48
1091.306763 126.843788 1162.789307 194.889435 2 48
1194.728882 0.874786 1250.909790 46.370312 2 48
1090.755615 77.565475 1155.379150 117.967583 2 48
1221.964722 84.131233 1281.819580 141.335327 2 48
1222.922729 56.325584 1280.000732 98.241745 2 48
1050.027588 207.877792 1172.310059 374.106659 5 48
