1561.790527 346.865356 1687.632568 459.039215 2 143
986.158081 512.181213 1151.963501 667.689453 2 143
1742.096436 1370.712158 2074.195068 1954.889526 2 143
1062.956055 291.391510 1175.516724 397.328766 2 143
1248.822144 319.862244 1366.702515 419.989807 2 143
858.161255 281.812592 984.744507 404.426849 2 143
1270.603882 476.686554 1380.404053 615.839172 2 143
1223.677979 152.489990 1306.229736 231.498398 2 143
1409.591064 147.309372 1489.721191 222.845413 2 143
1193.501465 21.922873 1248.887695 76.127808 2 143
1739.349487 695.042664 1936.791870 928.019897 7 143
75.017761 1226.548340 686.854675 1928.791260 7 143
