1742.229858 1395.878174 2069.880371 2041.374756 2 144
1064.308350 292.448273 1175.628296 407.952332 2 144
984.646973 515.697876 1147.505371 675.208618 2 144
852.780273 284.432373 985.719177 404.506744 2 144
1566.322510 352.978699 1689.502197 467.355499 2 144
1249.960815 323.444794 1368.459839 427.956604 2 144
1224.749878 151.457169 1308.130615 234.698059 2 144
1410.570557 147.303299 1494.510376 228.504852 2 144
1271.182373 490.160828 1385.274780 628.900513 2 144
1194.464111 26.170347 1254.124390 79.606812 2 144
1738.955688 693.529785 1938.934204 940.349060 7 144
40.466190 1260.624146 652.750977 1961.990356 7 144
3615.144531 222.575104 3838.693848 343.849731 25 144
