393.109039 1134.964966 823.362000 1578.234009 2 189
866.758545 285.721313 984.365356 406.799561 2 189
943.670837 585.652954 1130.069946 756.620850 2 189
1245.573242 310.614960 1353.505981 434.446655 2 189
1533.227417 319.727081 1653.518921 434.407166 2 189
1156.185059 717.560669 1356.601074 888.970947 2 189
1211.515381 98.373405 1291.578247 172.385086 2 189
828.903259 1270.153076 1169.663086 1677.393921 2 189
1730.911987 603.805115 1929.671753 794.973877 7 189
1802.707520 1251.375000 2087.935547 1724.046631 7 189
3616.237549 219.958069 3839.974121 342.145721 25 189
1599.257080 130.531189 3774.594727 2131.085693 63 189
1622.883423 325.009430 3782.581055 2160.000000 66 189
