906.206787 1031.451660 1223.062012 1341.235596 2 63
863.708801 283.792419 984.264282 403.782318 2 63
1486.709839 257.689819 1608.114746 379.719055 2 63
1085.961548 159.599747 1168.363281 233.890900 2 63
1219.008789 561.332336 1370.516479 680.216064 2 63
1253.716431 308.174957 1373.739746 424.749268 2 63
1353.145264 76.124664 1429.811279 136.816406 2 63
1606.990601 434.629089 1766.640991 592.181030 2 63
1040.777832 352.985199 1187.787964 460.055664 2 63
1189.602295 16.147842 1262.562500 68.110657 2 63
1242.319458 129.971802 1301.682739 182.091629 2 63
1092.020386 88.182098 1153.267944 138.950500 2 63
1238.930420 89.358841 1295.516724 130.856659 2 63
1285.119629 5.603084 1339.516357 42.422958 2 63
1041.465576 305.401581 1176.180664 466.204132 5 63
1317.289307 0.000000 3616.261719 2129.231689 40 63
1318.364380 323.128601 3617.260254 2160.000000 66 63
