860.586060 285.423981 985.036560 404.843994 2 25
1059.427124 169.425186 1179.694946 286.501465 2 25
1135.781982 684.723755 1321.493896 895.046021 2 25
1175.289429 453.003235 1333.445312 600.653564 2 25
1253.454956 252.706482 1355.348145 370.215332 2 25
1232.076172 126.776726 1320.838135 214.706940 2 25
1216.470581 63.415600 1267.135010 93.339607 2 25
1054.682983 115.859291 1170.524414 285.411530 5 25
1052.602661 64.556175 1163.208862 266.946808 7 25
1168.276978 119.884407 3502.165283 2130.910156 13 25
3612.415771 220.208115 3840.000000 337.056641 25 25
1645.154053 259.249634 3688.763428 2160.000000 63 25
1232.878662 327.334656 3440.929688 2160.000000 66 25
