1217.343628 347.609802 1337.500366 480.858154 2 12
859.191956 277.130585 986.968384 402.704529 2 12
1067.160889 145.990906 1176.601440 246.124405 2 12
1457.848999 201.090988 1550.547363 288.088287 2 12
1369.101929 114.372818 1445.342041 178.882019 2 12
1224.256104 108.153297 1300.672974 165.285629 2 12
1254.904053 218.871902 1336.211548 299.458221 2 12
1200.124023 537.840942 1359.902466 688.408569 2 12
1099.104858 69.435822 1168.152466 121.089928 2 12
1196.810059 22.330969 1246.092896 63.947865 2 12
1288.736328 5.762729 1340.238770 38.363281 2 12
397.704498 1688.180176 907.385498 2138.117920 2 12
1102.261475 32.416134 1152.695312 66.574455 2 12
1743.522461 1643.856079 2046.027954 2133.378418 2 12
1299.062866 34.198036 3617.478027 2160.000000 13 12
1847.071777 402.899200 3747.847412 2095.030762 66 12
398.907074 1710.926147 893.037781 2160.000000 67 12
