863.403442 286.194763 985.411438 403.260468 2 80
1664.381958 547.630432 1846.929565 757.446411 2 80
1564.132080 334.236481 1684.684082 468.248596 2 80
1227.040039 416.366364 1395.439819 567.534790 2 80
1250.242798 166.750015 1324.046387 236.722626 2 80
359.886871 1713.727051 882.996277 2159.340820 2 80
1121.542236 758.949463 1348.109131 950.756531 2 80
1391.268066 119.720871 1477.503296 194.325134 2 80
1075.447021 176.073517 1176.259399 283.030457 2 80
1202.156738 42.103153 1269.783936 89.829018 2 80
1312.338745 33.074799 1362.265137 68.549995 2 80
1241.189941 120.441505 1301.487915 167.357925 2 80
997.777832 397.181610 1171.944336 588.259949 5 80
1562.946045 154.783051 3774.708984 2132.657227 63 80
1587.288818 309.836639 3764.918213 2160.000000 66 80
