1229.100830 173.574249 1315.815918 261.377441 2 151
1243.122559 364.775269 1381.240112 482.725372 2 151
859.164001 286.312866 984.607605 404.905670 2 151
1059.305542 324.118286 1178.697388 444.919586 2 151
1429.878296 149.119476 1516.918579 255.688232 2 151
1254.895752 577.926025 1376.505981 705.078796 2 151
1596.909546 383.786072 1724.841675 506.136688 2 151
1086.803589 91.378090 3363.573242 2160.000000 2 151
1192.989502 23.112371 1261.164429 87.993958 2 151
1247.723999 548.019531 1381.323242 709.516968 5 151
953.302307 582.575562 1125.848999 745.177979 7 151
1765.112915 752.594788 1965.833008 1006.505066 7 151
3608.515625 219.617828 3840.000000 343.495087 25 151
1663.499756 335.541443 3725.185303 2160.000000 63 151
1342.840942 335.929169 3587.956543 2160.000000 66 151
1704.697632 1591.343872 2080.084229 2160.000000 67 151
