952.538330 566.302979 1136.147461 730.379395 2 149
1250.225586 348.575684 1372.184937 460.353546 2 149
1060.753662 314.092590 1175.299805 432.491333 2 149
1421.434204 150.519775 1507.852661 246.486725 2 149
848.549866 286.692444 987.278198 403.855927 2 149
1231.907349 159.992966 1311.742676 251.139206 2 149
1250.544556 537.642578 1381.821777 674.899170 2 149
1580.087524 377.879669 1706.969482 497.499023 2 149
1195.018066 25.753439 1254.643188 82.160217 2 149
1251.722290 518.015991 1381.493896 673.961182 5 149
0.000000 1468.184448 522.662292 2150.275146 5 149
1753.741943 744.230774 1955.970337 994.651062 7 149
3611.961914 217.772125 3840.000000 340.474518 25 149
1598.459839 99.674484 3762.580078 2142.285889 63 149
1678.855225 355.187408 3720.299072 2158.616455 66 149
1680.995483 1507.949707 2094.715576 2159.407715 67 149
