1757.864624 1167.155640 2062.351318 1616.383789 2 133
558.124207 1531.608521 1094.505737 2160.000000 2 133
864.999695 283.658844 985.574951 402.691833 2 133
1518.056152 299.541077 1646.121338 410.681061 2 133
1723.641113 640.329285 1911.652466 844.486389 2 133
1246.204712 274.215088 1359.492676 364.118469 2 133
1075.062866 255.816406 1175.754639 355.794739 2 133
1392.167114 121.945145 1464.062988 191.982529 2 133
1027.790527 430.592407 1160.757812 576.085938 2 133
1273.670410 415.790741 1379.863525 525.742798 2 133
1212.077637 128.007889 1299.043457 202.083420 2 133
1189.386230 13.298263 1242.537842 58.281437 2 133
426.938751 960.742798 860.892395 1477.522339 7 133
