380.045135 1188.855713 426.138000 1281.566040 0 163
834.062988 704.602539 1075.947876 915.026611 2 163
859.386169 284.826843 985.566284 403.484894 2 163
1028.000854 401.594116 1176.138672 517.905212 2 163
1632.478638 433.788055 1787.799927 593.553955 2 163
1206.485840 438.632446 1395.434937 573.162109 2 163
1227.095215 200.381683 1328.124268 304.577606 2 163
1452.624634 205.605682 1556.890991 303.882965 2 163
1198.663208 46.697613 1269.659302 110.413048 2 163
849.912170 701.549133 1083.414917 914.545166 7 163
1198.020996 695.776733 1354.410278 888.710815 7 163
1759.329346 849.101318 2007.274414 1171.409180 7 163
1579.269653 113.763306 3780.994141 2149.723633 63 163
1599.321045 341.896118 3793.058350 2160.000000 66 163
