380.440857 1181.235718 422.395752 1288.221558 0 195
70.027351 1491.375366 131.441223 1617.398193 0 195
191.204086 1376.244629 242.743423 1490.822021 0 195
456.774231 1102.678711 495.158600 1197.605591 0 195
286.359100 1266.798584 333.482330 1382.786743 0 195
1742.936035 661.863953 1958.946899 862.197632 2 195
1248.808960 344.313110 1364.111450 475.929535 2 195
860.501099 283.578857 989.010864 406.582245 2 195
1808.014893 1390.718872 2112.063721 1921.242676 2 195
889.302429 668.955200 1096.278931 829.885437 2 195
139.106079 1315.000244 673.275452 1838.387085 2 195
1115.894531 773.484924 1348.156250 997.231812 2 195
1549.068481 347.498108 1673.600830 457.422485 2 195
1219.574951 112.803780 1305.682983 194.293427 2 195
1092.954102 39.069897 1151.371582 93.428070 2 195
925.811401 635.446777 1092.064941 718.334961 2 195
660.483643 1551.103027 1062.438354 2082.527344 7 195
1707.075562 371.366028 3686.933594 2151.624023 66 195
