860.513123 280.560364 985.695923 406.369141 2 321
1014.815552 365.552429 1178.592163 523.616394 2 321
1313.872192 31.919573 1380.272461 100.585724 2 321
1279.625977 4.208965 1330.128784 33.585606 2 321
297.261139 1644.629883 878.549988 2144.732178 2 321
1174.453125 74.489761 1237.696411 125.662300 2 321
793.464417 0.000000 3176.385498 2122.318848 6 321
1066.521362 82.880569 1191.263306 253.964417 7 321
1175.365234 99.455673 3509.772217 2145.648438 13 321
1360.892456 354.630859 3563.018799 2160.000000 66 321
