513.170776 1028.715820 559.152466 1119.433594 0 157
915.918335 647.591370 1103.718872 817.197144 2 157
1246.802612 405.418365 1381.813843 523.934082 2 157
1048.815186 371.156036 1180.364746 482.911682 2 157
1218.315796 185.412125 1320.616333 277.328796 2 157
852.290039 282.742523 991.601318 399.683289 2 157
1438.548096 176.030151 1534.258057 272.765686 2 157
1188.340332 36.472034 1262.954956 100.741936 2 157
1592.198120 391.052612 1752.347900 546.612366 2 157
1777.651733 893.613892 1979.762817 1076.019043 2 157
1779.089233 813.590088 1974.858276 1044.804443 7 157
1230.413452 614.280457 1369.756226 789.769897 7 157
1600.254028 104.174873 3761.446533 2131.922607 63 157
1658.629517 405.727722 3745.268311 2122.155273 66 157
1684.157593 1854.771729 2082.818115 2147.132568 67 157
