379.349854 1186.677856 424.162781 1285.486206 0 105
284.920349 1276.603760 338.872101 1378.672607 0 105
859.133362 285.574707 985.148254 407.442383 2 105
1061.253540 287.909302 1178.084351 394.718842 2 105
1208.385498 70.260086 1283.248779 138.536789 2 105
1077.123291 184.288315 1169.296509 255.323624 2 105
1164.182007 790.204773 1370.671143 945.924744 2 105
1257.597168 249.874863 1351.271118 339.987000 2 105
1441.318604 177.390961 1539.501099 280.291901 2 105
1242.283081 176.818298 1333.028320 254.058594 2 105
1657.917725 471.234375 1811.243408 629.933228 2 105
1345.617798 76.781609 1401.328003 117.570984 2 105
855.943054 610.042297 1099.251587 845.911377 5 105
1735.965820 767.236145 1951.413940 1049.543823 7 105
855.902649 564.192200 1108.379883 849.369324 7 105
677.339966 1347.259033 1102.609009 1867.521240 7 105
3614.447266 219.435989 3839.207764 340.302979 25 105
1635.680054 323.194641 3691.283936 2154.334717 63 105
1545.851562 313.422974 3634.915039 2160.000000 66 105
