577.300842 966.363770 610.965820 1056.671631 0 86
857.752502 281.776886 988.143860 403.590302 2 86
1079.696899 210.253937 1174.782227 311.695496 2 86
1207.160400 52.739407 1275.443115 106.272690 2 86
1253.038696 183.428528 1332.431152 257.403595 2 86
1401.533936 131.875641 1482.249512 210.238602 2 86
1235.408447 491.004944 1393.460449 630.002380 2 86
1081.290405 134.240799 1159.575073 199.844269 2 86
1230.454468 118.688385 1321.284668 191.749527 2 86
1596.062134 404.701294 1724.145508 505.594238 2 86
1314.869751 32.983646 1370.848267 77.855354 2 86
982.749084 424.202698 1157.093384 636.333130 5 86
1076.418579 863.246826 1303.728516 1095.806274 7 86
1592.600708 372.467865 1721.478516 508.613647 7 86
1687.403564 585.691895 1882.200317 826.506470 7 86
