378.338959 1179.526489 426.767029 1273.855103 0 5
519.907043 1021.551636 568.652832 1122.485474 0 5
191.430847 1375.656494 248.334320 1486.548340 0 5
857.826294 280.260986 984.692871 404.974335 2 5
671.495605 1342.220459 1082.866577 1867.321167 2 5
1208.211304 300.499298 1335.201782 429.515411 2 5
1075.260986 118.358681 1167.393433 218.423981 2 5
1351.675537 99.867722 1443.488770 166.789383 2 5
1239.261719 171.000244 1330.399292 268.490845 2 5
1091.913940 51.257969 1159.542969 106.403381 2 5
1216.938721 461.331238 1344.653564 598.772705 2 5
1435.211182 169.614822 1526.678955 264.693939 2 5
701.613098 0.000000 2997.052734 2160.000000 6 5
1055.373901 130.875549 3379.653320 2129.643311 13 5
1440.251953 152.153534 3715.740967 2118.875977 63 5
1603.580078 346.372589 3786.009766 2159.488281 66 5
