796.638184 1180.016968 1207.611572 1643.195435 2 215
659.975220 888.231995 971.588684 1208.277222 2 215
1233.342896 470.612732 1384.337524 626.401123 2 215
859.332581 282.942688 985.501831 404.166962 2 215
1236.276733 168.440765 1326.496338 261.363129 2 215
1820.750732 832.285706 2066.697998 1115.215454 2 215
1079.816895 59.552418 1156.093506 134.480774 2 215
1626.020508 456.602417 1763.475952 583.144104 2 215
3613.125488 220.587265 3840.000000 342.269775 25 215
1595.913696 109.912598 3763.479980 2129.883545 63 215
1649.504883 384.047913 3744.102295 2128.842041 66 215
