1441.090576 184.724564 1548.262817 280.193481 2 10
864.903931 285.168335 984.176025 405.437500 2 10
1075.059326 142.647049 1175.849976 236.400940 2 10
451.635742 1578.966187 965.470215 2158.967773 2 10
1208.255371 336.833374 1335.891724 458.124695 2 10
1249.426636 215.134155 1337.211914 289.170319 2 10
1214.979736 522.683594 1343.021362 660.227356 2 10
1359.187622 107.789719 1445.196167 177.368881 2 10
1283.668091 7.468528 1332.914062 38.850285 2 10
1100.069580 69.210030 1160.071167 120.439102 2 10
1219.450073 98.703110 1293.996704 163.205444 2 10
1285.751709 0.000000 3654.688232 2104.270996 13 10
3614.708740 213.200668 3837.492188 338.011292 25 10
1554.946411 127.260010 3818.123047 2139.059082 63 10
1587.427002 330.633881 3813.639404 2160.000000 66 10
