1237.887695 279.716125 1352.529785 399.931976 2 183
856.388123 286.251160 987.203003 400.918915 2 183
960.209045 549.882996 1131.807251 696.000671 2 183
1186.201294 645.744080 1370.835938 809.637207 2 183
1513.670898 281.647552 1623.860107 398.750122 2 183
1203.101685 78.426643 1290.120239 152.508423 2 183
551.259644 1013.318542 910.714111 1354.039429 7 183
979.565674 1168.518188 1233.383545 1416.057983 7 183
1804.870728 1126.525391 2082.169678 1554.707031 7 183
1712.034668 559.602417 1875.867798 744.391541 7 183
1589.877563 137.184555 3801.498779 2140.886475 63 183
1643.569702 332.816376 3766.776367 2160.000000 66 183
