1484.251709 238.504471 1592.967407 346.031769 2 24
864.460266 281.406311 983.840027 405.527100 2 24
1251.498169 274.935364 1353.444580 358.888519 2 24
1392.176025 134.617767 1475.438843 214.553360 2 24
1066.266846 175.439514 1180.994507 284.641113 2 24
1142.520020 662.157959 1331.462891 864.513794 2 24
1300.302490 20.818747 1353.061768 59.703022 2 24
1096.460327 86.700203 1161.146240 139.447403 2 24
1238.468506 132.886734 1312.064087 208.838409 2 24
1203.281128 469.945312 1343.526489 584.667053 2 24
1211.432007 43.421913 1266.566895 94.325005 2 24
1101.201904 51.528851 1154.247559 87.991554 2 24
1156.341187 26.522825 3515.106689 2160.000000 66 24
