618.902527 1370.916748 1048.474976 1937.548096 2 6
856.756836 280.376678 985.427124 399.950500 2 6
1435.097290 174.569199 1533.658813 262.239868 2 6
1216.455933 311.816803 1333.821289 431.409637 2 6
1234.369995 182.279770 1333.602173 265.735565 2 6
1079.591675 107.155548 1169.113770 222.197784 2 6
1355.024170 98.783623 1431.819458 162.227432 2 6
1219.393555 91.713631 1290.255371 154.657959 2 6
1220.596313 44.240108 3468.261230 2160.000000 2 6
1698.306030 1501.061523 2087.786865 2158.924072 2 6
1213.813721 492.915100 1343.236328 611.874146 2 6
1090.316040 57.729317 1158.181519 104.967552 2 6
891.666260 183.299774 963.830994 262.034210 2 6
1213.305176 29.291780 1256.532715 62.917381 2 6
1283.919922 0.700207 1332.918701 33.793087 2 6
1068.310669 61.889416 1162.638428 235.740952 5 6
1344.046021 3.402328 3573.805420 2160.000000 13 6
1379.989868 124.552567 3537.797607 2160.000000 66 6
