1751.416870 832.433228 1985.489868 1176.623535 2 113
1065.830933 326.347717 1175.254761 439.941071 2 113
1091.991699 833.590820 1347.243042 1162.789429 2 113
1473.422363 216.605057 1565.809204 310.042175 2 113
1672.139160 533.368103 1846.485352 694.906738 2 113
1075.746948 187.041763 1173.456665 275.915436 2 113
1213.968384 80.420143 1285.600586 150.330154 2 113
1276.694458 301.951202 1355.114868 385.705688 2 113
1350.299683 68.491974 1418.061890 133.204193 2 113
846.671021 286.561646 986.339539 405.428894 2 113
417.258240 1762.596313 934.256470 2152.325684 2 113
1248.018311 192.059998 1336.999756 267.975983 2 113
1183.802002 0.517731 1234.483276 31.440695 2 113
798.486389 633.856628 1057.653442 966.268127 7 113
