1731.813232 1357.285034 2077.748535 2117.171387 2 144
989.085999 514.028381 1152.210083 674.893188 2 144
861.511841 287.458649 984.066528 403.123596 2 144
1246.818115 315.192017 1370.053833 432.814392 2 144
1264.786255 497.624786 1384.083984 622.991394 2 144
1227.959961 146.312134 1307.507812 236.382629 2 144
1414.770508 151.879456 1490.683716 224.933731 2 144
1060.482178 290.028870 1181.547119 407.228485 2 144
1188.208008 26.831987 1251.643311 79.441277 2 144
1734.246338 1387.033691 2063.415283 2046.933838 5 144
18.799150 1250.798218 658.759216 1985.028687 7 144
982.072388 527.310181 1155.163818 678.477722 7 144
1742.646729 696.883118 1953.221680 937.422119 7 144
3613.745605 220.526260 3840.000000 338.084076 25 144
