1036.507324 388.873657 1168.962646 523.471497 2 322
859.341003 281.509430 988.025269 402.768036 2 322
1313.807007 38.548904 1380.800659 103.612114 2 322
1276.202759 3.323078 1328.978027 34.291935 2 322
291.770782 1687.987427 866.078308 2160.000000 2 322
1170.166260 79.023964 1245.442261 127.221558 2 322
828.725708 0.000000 3131.134521 2160.000000 6 322
1060.481812 86.934921 1200.120728 251.130859 7 322
1150.493530 0.000000 3514.684326 2120.174561 13 322
3613.712402 221.586899 3840.000000 332.857117 25 322
1637.272583 112.124969 3723.332764 2114.178711 63 322
1671.138794 356.341980 3733.839600 2143.883057 66 322
