464.201202 1061.565430 862.804626 1461.388672 2 186
961.502197 551.900940 1143.555298 714.790833 2 186
863.745850 284.556183 985.516052 404.050812 2 186
1241.333252 291.302582 1351.192871 417.196075 2 186
1207.773804 90.383255 1284.304321 165.464050 2 186
1180.633423 662.238098 1366.876465 837.488525 2 186
1516.610107 306.660095 1636.339111 420.007416 2 186
1091.217407 40.551105 1152.916260 86.161530 2 186
1034.426392 71.524887 3383.829102 2160.000000 2 186
1811.213379 1179.710205 2087.310303 1629.995850 5 186
922.010254 1152.808228 1217.525024 1538.002075 7 186
1732.341553 589.002563 1895.784912 763.079773 7 186
3612.715332 215.877335 3840.000000 340.643555 25 186
1589.709839 139.905167 3775.177734 2124.799072 63 186
1607.915649 365.563080 3776.334229 2151.165039 66 186
