459.055847 1098.529541 493.779419 1194.828369 0 110
382.463959 1174.337036 421.791016 1279.433594 0 110
1134.583984 777.812073 1367.912964 1069.600952 2 110
440.669067 1589.001953 1023.470276 2153.742676 2 110
1459.559082 211.412994 1555.690186 298.058258 2 110
865.617920 281.123413 982.810547 403.937744 2 110
1069.083618 313.783234 1174.564575 420.988281 2 110
1243.988770 182.386658 1330.166382 264.729401 2 110
1272.911865 279.634186 1359.241699 366.584351 2 110
1209.755859 74.873192 1284.673340 142.258530 2 110
1348.386597 66.374359 1416.355713 132.608185 2 110
1076.785767 185.207047 1167.298950 267.291626 2 110
1664.484619 493.124847 1825.444580 665.316101 2 110
1734.318359 808.274292 1975.989624 1129.591553 2 110
1182.020996 0.000000 1232.417114 29.452856 2 110
1164.038940 33.533478 3510.184326 2160.000000 4 110
913.625732 60.576206 3041.781250 2160.000000 6 110
827.005981 599.976501 1080.811035 924.371887 7 110
1714.783325 384.090698 3686.683105 2138.750488 66 110
