382.146545 1176.733887 424.650665 1276.451782 0 59
980.285278 899.835022 1240.458496 1227.215332 2 59
862.023010 281.052124 986.370117 405.619904 2 59
1250.136597 285.906250 1367.671753 391.902100 2 59
1478.258667 256.853363 1595.230835 357.515137 2 59
1235.143311 483.172058 1381.937500 632.210266 2 59
1050.556641 313.153473 1178.777954 438.787628 2 59
1353.513428 67.847557 1419.143677 131.958954 2 59
1235.335571 112.323357 1302.521362 174.074356 2 59
1073.665283 115.650383 1165.750122 217.394363 2 59
1197.234863 3.401069 1258.851196 63.723789 2 59
358.215485 1761.400391 869.993896 2158.088379 2 59
1280.886719 7.155647 1334.185547 35.384102 2 59
1086.989136 86.604019 1159.281494 131.456909 2 59
1221.850220 74.319817 1285.226318 118.876472 2 59
1592.570190 400.215210 1750.343140 567.452759 5 59
1047.768433 294.743134 1176.008667 437.048126 5 59
1169.886475 103.205788 3504.645264 2150.004883 6 59
1584.404663 368.886200 1750.160034 564.895325 7 59
1490.607300 26.407812 3656.200684 2160.000000 63 59
1411.114502 320.138031 3507.318359 2160.000000 66 59
