376.939362 1191.293701 434.762787 1292.247559 0 212
283.567230 1274.557007 342.129333 1389.716675 0 212
694.083130 854.366394 954.958801 1145.867554 2 212
830.614258 273.301605 1012.364197 414.481171 2 212
1214.681030 444.919586 1391.635498 619.411987 2 212
833.037170 1173.284668 1190.034180 1523.666504 2 212
927.109314 145.377838 3261.380127 2087.572510 6 212
1068.433350 124.984238 3344.396240 2102.611084 13 212
1229.787964 82.260353 3669.790039 2147.375488 63 212
1054.566772 340.069519 3369.748047 2160.000000 66 212
