515.018250 1030.777222 557.192688 1118.700439 0 232
570.453369 959.757996 614.419434 1053.049072 0 232
1853.251343 1080.490723 2145.851562 1479.981934 2 232
1665.481201 555.432129 1834.505005 727.010620 2 232
1250.674561 233.230240 1353.131958 338.590942 2 232
854.718750 283.364288 987.415161 401.479675 2 232
449.593964 1998.541626 817.810913 2152.027832 2 232
1076.944702 87.335007 1155.856812 168.381836 2 232
177.559769 1291.528442 722.259827 1787.180176 2 232
1166.525269 629.209656 1365.734131 845.043396 7 232
3613.816650 218.410019 3840.000000 334.861420 25 232
1765.187866 354.620331 3651.755127 2148.413330 63 232
1891.004883 393.471191 3714.922607 2110.601807 66 232
