862.620483 285.972839 985.904236 403.876282 2 208
1237.517090 418.817017 1382.185791 568.963501 2 208
1585.894897 410.522217 1734.249023 535.512268 2 208
748.550842 803.992126 1020.147034 1051.352051 2 208
1224.681274 141.917038 1318.474976 236.170563 2 208
0.000000 1897.037964 262.987549 2160.000000 2 208
1083.239746 45.548512 1155.584229 117.225487 2 208
945.553040 996.921997 1273.978271 1360.867065 7 208
1800.462280 760.795654 2025.427734 1026.127075 7 208
3613.801514 217.507538 3840.000000 337.965057 25 208
1610.516113 141.606903 3760.255615 2116.589355 63 208
1666.059326 383.816498 3737.554932 2134.763428 66 208
