519.457458 1028.779053 568.010986 1122.368774 0 35
380.444122 1189.986572 431.849670 1283.927979 0 35
1160.565674 555.673096 1338.375000 716.576111 2 35
856.019043 286.572418 989.294739 408.460663 2 35
1031.196533 873.624512 1262.242432 1121.668091 2 35
1056.178711 224.921478 1183.571655 327.461212 2 35
1249.427368 315.024353 1363.939331 429.870850 2 35
1518.324707 287.084198 1632.950928 400.956085 2 35
1241.211060 185.758423 1330.691895 260.525879 2 35
1315.496704 34.407692 1370.515259 74.805901 2 35
1085.504761 93.969719 1160.626099 173.262619 2 35
1418.514893 170.538132 1506.271362 259.875732 2 35
1224.353027 83.568016 1272.654663 120.014755 2 35
1096.900635 62.124878 1153.506592 98.707863 2 35
1174.036987 131.944992 3502.294678 2122.398193 13 35
3613.043213 219.339630 3840.000000 340.366394 25 35
1310.610229 99.274628 3604.013428 2145.996094 63 35
1410.978760 318.668274 3521.086426 2160.000000 66 35
