864.128113 693.455383 1076.680542 905.622192 2 162
857.677185 284.467712 984.492798 404.550568 2 162
1239.316895 431.098816 1386.050049 562.036133 2 162
1461.872559 207.887634 1549.641357 299.885529 2 162
1032.020508 394.386261 1177.866455 515.981140 2 162
1630.232422 429.102509 1780.380005 581.443237 2 162
1218.626587 214.000046 1328.211304 296.177765 2 162
1194.514282 47.071892 1278.224609 109.220291 2 162
1771.129639 947.584717 2004.483154 1155.881836 2 162
1783.594971 846.003540 1971.063721 1014.113342 2 162
1206.169922 697.295898 1368.978638 877.339172 7 162
1748.653931 389.899261 3664.796143 2123.608643 66 162
