865.045471 282.645599 984.226501 405.040833 2 325
1032.536499 377.888580 1167.385864 550.437317 2 325
1280.879761 7.491302 1332.789062 36.780392 2 325
1173.813721 83.220741 1244.196411 140.138733 2 325
1322.615845 55.539032 1389.765869 109.501701 2 325
259.916931 1860.195801 752.470520 2150.179932 2 325
963.267334 34.677200 3238.491943 2160.000000 6 325
1070.231201 99.788300 1198.045898 269.838043 7 325
1174.264771 44.217907 3500.957520 2160.000000 63 325
1351.268677 297.411560 3566.878906 2160.000000 66 325
