381.488220 1175.070068 422.189453 1278.297607 0 308
782.757629 1064.375854 1155.291016 1522.557617 2 308
866.127075 281.629486 985.920593 405.221771 2 308
1048.480469 308.989197 1165.508667 433.798462 2 308
1302.019653 32.668533 1362.768555 75.324547 2 308
1275.289429 0.000000 1320.271118 19.426287 2 308
1160.277222 49.019333 1206.902344 103.400398 2 308
1063.408447 59.856201 1195.361938 204.408295 7 308
802.499634 1058.154785 1138.800049 1531.896606 7 308
1208.195923 21.064451 3479.763428 2160.000000 13 308
1802.591064 381.050690 3774.316406 2133.783691 66 308
