711.099915 859.490173 993.028503 1118.229614 2 174
1218.183472 535.330322 1383.606201 682.475464 2 174
1675.411133 498.061035 1846.571777 662.219177 2 174
852.249268 284.475616 987.083984 403.950317 2 174
1233.487549 235.878860 1338.643433 354.793030 2 174
1485.653320 238.887970 1585.272705 348.192078 2 174
1799.912598 991.336975 2050.864502 1347.859863 2 174
1007.078857 480.361023 1146.372437 610.821594 2 174
1094.515625 883.426636 1301.994263 1126.605347 2 174
1204.495728 71.313286 1276.299194 132.102005 2 174
1101.942261 27.236021 1149.367920 69.191322 2 174
1100.107910 65.936737 3340.787598 2160.000000 2 174
1745.224487 1001.999329 2066.499512 1329.174438 6 174
1105.612915 871.142883 1312.137817 1133.530396 7 174
3614.093994 219.790298 3840.000000 350.137573 25 174
1389.487183 43.007694 3539.466553 2160.000000 63 174
1853.184082 335.873993 3733.524658 2142.468018 66 174
