866.010925 283.952728 984.850891 405.573212 2 102
1070.334961 267.939148 1176.818115 381.406830 2 102
1264.495117 244.596848 1350.165161 325.649841 2 102
1071.677368 155.473587 1174.671631 244.182236 2 102
1191.350098 718.606079 1400.707153 877.869385 2 102
1206.127563 64.582382 1278.528198 129.108002 2 102
1239.110474 159.508087 1329.204712 236.947281 2 102
1340.152832 58.605934 1398.807495 110.064751 2 102
1435.072388 177.055313 1532.524170 269.434296 2 102
791.469543 1209.346558 1169.357300 1639.937378 2 102
1647.598145 444.478546 1793.985229 613.869873 2 102
881.393921 552.934082 1118.430176 804.122498 7 102
778.944458 1240.405151 1158.094360 1700.360962 7 102
1725.821167 732.153809 1952.751465 1020.648804 7 102
1644.644775 444.537933 1799.752686 616.963318 7 102
3617.648438 223.223862 3838.834229 345.756195 25 102
1566.548828 89.356949 3793.687500 2160.000000 63 102
1614.401611 318.010681 3772.287842 2160.000000 66 102
