379.814514 1188.804688 423.980804 1282.499756 0 282
510.514893 1029.950439 560.729065 1120.664429 0 282
460.976624 1103.102539 492.966980 1194.568848 0 282
862.711914 285.216522 984.614929 404.990814 2 282
1847.180786 1062.047607 2097.258789 1425.375122 2 282
1138.805420 595.586121 1349.223999 803.894165 2 282
1062.800537 193.062729 1164.884277 311.601532 2 282
1070.081055 44.985806 1179.311646 155.210938 2 282
1046.406006 129.845230 1170.925537 310.313965 7 282
1842.711182 1089.314941 2105.349121 1442.001221 7 282
3614.388672 223.118240 3839.302734 340.747253 25 282
1389.009033 135.219955 3530.307129 2123.597412 63 282
1688.100830 357.301697 3693.001709 2131.918701 66 282
1859.340210 1064.677612 2108.197266 1425.540039 67 282
