861.311707 282.605652 985.986877 404.283813 2 325
1024.300171 365.245270 1168.866089 548.844421 2 325
1278.771606 7.793140 1334.180664 39.009415 2 325
1175.519043 83.076317 1241.417603 138.308823 2 325
1317.070923 45.357510 1387.333740 103.529198 2 325
270.763336 1864.307251 757.007263 2144.597656 2 325
1099.627563 19.871462 1145.412231 61.303421 2 325
843.200745 0.000000 3133.174316 2144.346191 6 325
1075.207397 104.661819 1196.510864 265.241180 7 325
3611.768311 225.918610 3840.000000 339.789368 25 325
1452.340698 62.053867 3682.725830 2160.000000 63 325
1702.617798 399.199554 3693.364258 2126.876465 66 325
