382.344269 1182.069824 420.303986 1286.643188 0 198
625.491699 908.832397 658.436218 989.282288 0 198
1086.826538 811.990662 1334.801025 1084.286865 2 198
1242.518921 371.340149 1366.226196 492.035492 2 198
1561.036011 365.283844 1689.715454 487.056976 2 198
876.564392 659.765808 1082.443848 859.892517 2 198
857.076050 289.118134 988.079773 404.153687 2 198
1218.180420 124.511826 1318.519043 200.175812 2 198
1084.901733 31.954992 1150.838013 105.470917 2 198
1815.374146 1484.078491 2105.676270 2071.406250 2 198
1242.454712 105.086052 3441.031738 2160.000000 2 198
1082.548828 809.996094 1340.262329 1089.662476 7 198
27.088278 1422.809814 606.812988 1996.249878 7 198
1763.380371 702.362671 1984.288940 885.925232 7 198
611.676819 1674.999023 996.571594 2111.215820 7 198
1556.161865 219.349121 3591.343506 2160.000000 13 198
1370.656616 236.228592 3562.921387 2160.000000 63 198
1843.732544 314.028839 3740.724365 2159.883301 66 198
