908.572144 654.974731 1094.293701 814.809998 2 157
1442.430542 187.320084 1533.670654 276.605743 2 157
863.630737 280.635101 984.936157 403.135406 2 157
1058.652344 377.945465 1173.323486 480.523651 2 157
1235.121338 184.798950 1318.602417 276.323547 2 157
1240.921509 409.960754 1378.509888 522.055847 2 157
1772.731689 875.648315 1984.426758 1087.182251 2 157
1194.546875 35.830193 1274.070435 100.669090 2 157
1610.587158 417.098785 1759.209229 535.498413 2 157
1231.433228 644.842407 1364.558594 780.940979 2 157
1225.751953 619.596008 1369.109131 789.258789 7 157
1822.454834 425.156006 3766.237305 2108.239746 66 157
1686.603149 1858.549072 2072.199951 2148.856201 67 157
