1650.884033 472.927765 1814.842651 625.819641 2 105
1722.337769 717.169128 1957.077637 1059.457520 2 105
1065.874390 291.296539 1176.685913 395.264252 2 105
1261.386597 268.058044 1349.087769 341.739685 2 105
659.233765 1304.520386 1136.408691 1864.611206 2 105
1177.958862 706.845337 1372.600830 935.305115 2 105
859.343872 282.310730 986.737244 407.170135 2 105
1439.650391 187.686981 1543.755249 278.306122 2 105
1207.083984 70.991478 1280.164795 132.844498 2 105
1070.694580 180.089371 1171.885132 252.181885 2 105
1245.059937 159.700806 1321.274170 239.804184 2 105
1343.307983 75.330559 1403.323608 119.217049 2 105
876.642578 557.297852 1111.134033 850.101562 7 105
676.370911 1339.888794 1107.884399 1853.397583 7 105
1575.400757 507.709564 3584.368896 2160.000000 66 105
