379.654297 1186.765015 423.366150 1283.244263 0 342
510.847870 1032.586792 560.245972 1120.248535 0 342
623.185547 912.769287 658.676636 996.601135 0 342
575.529358 967.642456 612.228516 1054.336182 0 342
286.641785 1275.882935 340.278351 1377.363159 0 342
458.553741 1105.681641 494.318939 1194.375122 0 342
668.523804 855.360657 700.928650 931.875854 0 342
860.556702 286.323029 983.607056 403.748108 2 342
1339.767456 69.377747 1413.743652 139.850464 2 342
1190.022827 117.239281 1273.465576 195.064072 2 342
1297.969238 33.932991 1350.160767 65.547180 2 342
1091.371460 28.208426 1154.485840 81.395752 2 342
1064.900513 133.805115 1199.706421 321.499420 7 342
966.747070 477.983063 1143.262085 690.121704 7 342
1127.823608 69.341354 3532.474854 2160.000000 13 342
3613.418457 220.554535 3840.000000 340.615173 25 342
1274.978394 46.831738 3651.760010 2160.000000 63 342
1645.026733 309.810760 3726.782959 2160.000000 66 342
