456.473877 1099.200195 495.916412 1193.329224 0 52
76.397423 1487.708740 132.912598 1618.184692 0 52
287.457184 1268.805054 334.498444 1382.724121 0 52
642.404114 1358.722412 1057.489258 1843.572876 2 52
864.234070 290.007111 986.998291 406.559235 2 52
1061.451294 767.496033 1295.104614 1009.590088 2 52
1252.775269 238.561920 1355.816772 343.591675 2 52
1469.368896 227.256424 1561.217773 321.867920 2 52
1093.377441 141.426773 1170.671875 200.617889 2 52
1577.738892 375.277161 1712.127197 512.646301 2 52
1245.038330 442.124268 1375.999878 559.455750 2 52
1091.954590 83.181259 1158.768311 127.313225 2 52
1047.967529 280.402679 1183.437866 400.020874 2 52
1196.525024 0.000000 1253.628052 49.371468 2 52
1341.215820 70.800133 1406.095093 122.687752 2 52
1219.615356 69.574066 1288.458008 146.387085 2 52
1082.748779 124.161980 3351.601318 2145.900879 2 52
1222.870117 60.664955 1280.273071 100.478378 2 52
1047.171631 246.184601 1177.227539 400.920624 5 52
957.955139 112.054131 3257.804443 2151.604980 6 52
1308.837524 77.160294 3620.390381 2160.000000 13 52
1690.553711 358.909698 3697.574463 2144.907959 66 52
