899.561035 637.989990 1108.141113 829.871460 2 195
862.137512 281.876099 985.235413 404.614899 2 195
1118.348145 832.634094 1338.093994 1010.399475 2 195
1244.337524 346.170929 1365.156738 472.716034 2 195
154.631470 1304.000366 684.916992 1847.004639 2 195
1544.506470 348.116089 1670.569946 463.081604 2 195
1216.509399 93.865921 1296.869141 191.381943 2 195
1088.787598 46.491562 1154.214233 95.383812 2 195
1140.965576 752.191284 1337.637329 896.167786 2 195
1777.985840 1304.316528 2121.049561 1997.167358 2 195
1054.497437 129.129288 3370.543457 2133.043213 2 195
1809.662598 1392.290894 2098.649170 1987.036133 5 195
1732.301758 656.846802 1961.858521 861.897644 7 195
686.580078 1503.834351 1068.406372 2066.722412 7 195
151.693115 1253.504761 687.508118 1823.310181 7 195
1805.761353 1368.753174 2096.995605 1951.415771 7 195
1590.746094 94.513199 3771.723389 2152.026611 63 195
1629.900146 368.132843 3769.547119 2158.578369 66 195
