285.116852 1276.193726 336.166138 1377.298706 0 52
383.198883 1178.275879 420.747437 1274.981567 0 52
630.443542 1362.046265 1068.391479 1855.129517 2 52
863.687866 285.673584 985.248108 404.324554 2 52
1469.027222 228.025696 1561.071777 320.904114 2 52
1060.451660 792.617859 1285.251709 1026.479736 2 52
1579.409424 377.132141 1709.421143 507.896881 2 52
1249.567749 245.393707 1355.097168 344.538452 2 52
1057.864380 283.481232 1183.723633 399.710876 2 52
1244.024902 441.790558 1371.344971 559.950562 2 52
1340.656738 72.255478 1410.763916 118.738396 2 52
1083.870605 136.488419 1167.040283 205.534271 2 52
1197.408936 0.321236 1251.512085 47.661777 2 52
1089.158203 89.005333 1157.544189 128.195221 2 52
1226.171265 111.116234 1285.841309 154.190018 2 52
1226.882080 58.517185 1281.879028 97.022659 2 52
1345.540405 0.000000 3593.084717 2151.875488 2 52
1080.273804 98.934967 3376.739258 2159.184082 4 52
1005.375183 96.216995 3223.027832 2159.373291 6 52
1336.383545 68.110199 3597.408203 2160.000000 66 52
