481.345001 1499.675415 1012.622498 2074.117432 2 55
1469.312378 239.824661 1572.787598 332.704224 2 55
1021.938354 827.832153 1272.631714 1108.165894 2 55
1250.747437 258.328949 1357.161865 367.389099 2 55
862.050110 282.264160 987.418274 405.014862 2 55
1581.523071 380.591553 1735.459106 537.100037 2 55
1341.774048 64.352928 1413.516357 123.228943 2 55
1241.725464 460.337189 1376.132568 592.586731 2 55
1094.105957 145.748398 1168.295044 206.597321 2 55
1053.139771 275.725464 1181.116089 410.894135 2 55
1069.336426 70.760078 1157.925171 138.828506 2 55
1199.325562 17.896500 1254.597534 59.756695 2 55
1284.286743 4.031982 1329.810425 30.596464 2 55
1235.214600 110.551292 1295.113403 163.724884 2 55
1221.695557 71.624336 1289.589844 144.414139 2 55
1226.883911 62.264668 1278.379150 101.345894 2 55
1049.847656 254.304642 1177.979980 420.487488 5 55
480.987823 1506.275146 1001.502502 2118.655273 7 55
1165.468140 87.694923 3506.373535 2160.000000 13 55
1373.252075 328.399628 3567.309570 2160.000000 66 55
