812.995178 1144.731812 1157.913452 1540.988525 2 67
1076.629395 159.791779 1172.893188 246.261734 2 67
864.366028 284.575531 984.712769 403.405701 2 67
1236.442139 143.787460 1309.480835 198.304581 2 67
1203.324341 564.237183 1366.610229 737.249390 2 67
1362.612671 78.897278 1440.819580 150.533859 2 67
1507.531982 275.482513 1630.651123 395.545685 2 67
1201.135010 26.242044 1264.418213 71.239868 2 67
1253.587402 318.570526 1370.540894 445.496735 2 67
1077.673584 90.983154 1164.823120 159.447433 2 67
1631.825195 470.367493 1793.286743 627.807983 2 67
1226.471436 85.762878 1277.085938 135.151062 2 67
1034.435669 301.850830 1175.753418 494.412079 5 67
813.852844 1132.969360 1149.907471 1545.628174 7 67
1506.255859 265.652618 1628.443726 388.486389 7 67
1081.526978 0.000000 3601.121338 2130.095215 13 67
3618.230225 221.531509 3838.484131 343.584564 25 67
1526.341553 117.662766 3825.586670 2138.819580 63 67
1561.914551 344.771545 3816.978516 2160.000000 66 67
