1005.897156 858.596130 1254.216797 1165.781006 2 57
1251.123901 264.847504 1362.922119 378.778015 2 57
1482.947021 240.514511 1582.748779 346.695312 2 57
407.938293 1632.346680 951.177551 2152.239502 2 57
858.601746 284.615021 987.506531 405.188568 2 57
1585.950684 385.127777 1740.416626 555.284912 2 57
1241.610229 486.262756 1374.589600 617.786255 2 57
1090.761963 148.957657 1166.442261 216.688370 2 57
1049.572876 317.040466 1184.689575 433.281769 2 57
1228.845703 102.662025 1301.056763 162.365784 2 57
1088.340210 88.844711 1155.527100 138.245544 2 57
1346.282227 88.033325 1425.170410 130.900146 2 57
1198.936157 2.011814 1250.287476 48.563629 2 57
1286.076050 0.837822 1333.250488 32.816048 2 57
1202.726685 172.710785 3465.982666 2091.618408 2 57
1221.766968 83.895546 1277.768555 122.502930 2 57
1242.819946 60.412327 1296.240967 97.501366 2 57
1589.029053 380.285675 1731.392090 554.024353 5 57
1047.146729 250.747589 1183.925293 430.159821 5 57
1240.997437 452.645844 1372.161011 614.943420 7 57
1370.390625 167.114166 3555.826172 2091.673828 13 57
1386.509521 288.674347 3547.799072 2160.000000 66 57
