1729.293335 637.826904 1947.972900 815.838623 2 191
324.067657 1179.063477 765.721802 1650.065186 2 191
1536.046021 323.560394 1654.551636 446.042847 2 191
865.814148 280.402222 985.853088 402.111725 2 191
1137.526855 781.982300 1349.347656 927.413330 2 191
930.855652 600.799133 1118.998047 778.632751 2 191
1246.020752 319.390503 1357.422974 447.253967 2 191
1213.177124 96.607697 1294.503662 177.700302 2 191
1810.957397 1288.872925 2098.579834 1788.339722 2 191
1176.057007 694.493713 1363.656982 829.220398 2 191
817.328064 1321.955078 1155.152100 1780.481812 2 191
1092.559448 37.383495 1149.307129 93.418457 2 191
992.452759 575.875122 1123.599243 664.046387 2 191
805.341309 1364.246948 1139.901733 1797.695557 7 191
1800.587769 1335.838379 2119.281494 1807.980347 7 191
1891.500732 373.452515 3712.635010 2148.507568 66 191
