1249.059937 372.430908 1373.455200 493.409576 2 153
860.287598 285.857269 985.518005 407.157990 2 153
1226.241943 179.582047 1317.986450 266.567230 2 153
1058.029785 340.407227 1180.630859 454.569611 2 153
1431.338257 172.143387 1522.237915 263.325806 2 153
1250.750244 589.594788 1372.620483 735.662354 2 153
1192.406860 35.505695 1262.218628 97.191406 2 153
1594.637207 399.071594 1742.978882 518.711792 2 153
938.315063 595.663940 1121.239014 771.235291 7 153
1250.583252 575.542236 1374.373291 733.341370 7 153
1759.054810 796.689575 1974.744507 1046.588257 7 153
1164.959106 103.531487 3512.584717 2160.000000 13 153
3615.522461 222.839111 3839.277344 337.493347 25 153
1615.983765 71.320610 3754.454102 2160.000000 63 153
1654.833618 360.129761 3738.483643 2158.241455 66 153
1688.257690 1672.149536 2091.421631 2160.000000 67 153
