1693.977295 1507.021973 2091.352051 2147.219971 2 148
1420.844116 158.476746 1502.376831 241.976501 2 148
855.739746 286.302673 986.998047 403.315521 2 148
1246.748413 341.276062 1377.551392 455.297455 2 148
1058.631714 317.572388 1180.847046 427.768219 2 148
1234.304688 159.044250 1313.206665 246.054825 2 148
1262.107422 554.489807 1383.661255 674.173706 2 148
1579.752075 364.535278 1702.836914 488.839630 2 148
1191.568970 45.344234 1256.731812 87.895195 2 148
1074.618530 62.802082 3376.490234 2160.000000 2 148
976.841431 553.497131 1120.054565 713.246094 2 148
958.985046 556.929688 1134.856567 710.909241 7 148
1739.818970 728.802979 1965.516968 987.718018 7 148
0.000000 1375.224365 574.979431 2160.000000 7 148
1574.226318 331.551788 1702.427856 492.008270 7 148
1241.405518 0.000000 3684.172852 2138.115479 13 148
3610.036865 219.601120 3840.000000 344.199341 25 148
1651.044556 307.120941 3730.810303 2160.000000 63 148
1341.039429 281.605896 3589.228760 2160.000000 66 148
