868.275818 283.179016 983.875977 406.953705 2 8
535.590332 1444.452148 1027.567871 2098.285645 2 8
1073.684692 133.183014 1176.805298 237.780182 2 8
1210.164795 314.060425 1336.915649 452.339600 2 8
1430.757568 172.479614 1543.311401 274.005646 2 8
1238.973999 180.375244 1334.004395 285.384857 2 8
1216.160767 519.291199 1343.388184 634.738525 2 8
1355.546021 100.682312 1444.732666 171.617310 2 8
1211.356201 91.232063 1298.182129 167.136139 2 8
1281.890259 1.563778 1333.258667 39.473930 2 8
1692.166992 1509.557739 2077.090820 2160.000000 2 8
1090.098633 47.857414 1160.968506 115.807396 2 8
1127.811035 137.530853 3535.565918 2098.775391 13 8
3612.865723 215.586533 3840.000000 335.887054 25 8
1580.757568 149.891388 3779.656006 2103.408936 63 8
1601.562622 372.320679 3789.708984 2155.382324 66 8
