511.205444 1026.412720 559.192566 1122.281006 0 345
379.254425 1187.528442 422.714447 1283.141479 0 345
456.450867 1104.157104 496.140961 1199.527100 0 345
574.968201 967.104675 611.268616 1052.707397 0 345
857.541687 285.976868 983.373230 405.476501 2 345
1197.452637 119.303848 1274.450073 199.844620 2 345
1296.588013 28.915670 1353.626709 65.335808 2 345
1345.226929 77.503906 1422.867798 142.175781 2 345
1092.377441 39.715458 1152.985596 92.652390 2 345
1082.731445 219.850723 1208.317261 346.445953 2 345
1062.460938 160.974411 1208.338501 341.009430 7 345
947.050415 493.651733 1145.327515 734.583496 7 345
1157.232422 103.937294 3529.690430 2140.607422 13 345
3613.564941 218.295242 3840.000000 344.532501 25 345
1652.009033 318.702606 3735.575684 2160.000000 63 345
1374.274414 297.120758 3551.825439 2160.000000 66 345
