821.109497 742.224243 1061.255493 966.788452 2 166
1036.550171 425.450562 1169.349243 545.749939 2 166
1462.025513 213.691162 1556.805420 314.747070 2 166
859.379089 279.116455 985.998291 402.608063 2 166
1227.996704 228.089890 1328.519775 319.806946 2 166
1198.541138 53.254848 1271.267944 115.500290 2 166
1241.363647 509.345032 1381.122314 601.696777 2 166
1181.231934 751.016663 1348.932983 947.857056 2 166
1246.536987 452.954163 1373.820923 537.377197 2 166
1096.749146 17.110405 1147.173706 59.620739 2 166
1755.470947 896.869995 2039.259644 1184.549438 6 166
1641.168579 450.463348 1806.848877 611.835999 7 166
1787.218628 894.667236 2011.065552 1206.558594 7 166
1179.997925 718.560547 1353.845093 941.110352 7 166
3622.258057 224.519791 3840.000000 340.532898 25 166
1871.433472 390.625275 3736.341064 2133.058594 66 166
