1500.906128 254.907288 1603.107910 358.753021 2 27
866.096741 282.438904 986.040955 402.276642 2 27
1304.318237 21.429575 1362.719482 65.223480 2 27
1115.830688 709.999756 1315.389771 926.564575 2 27
1064.996338 206.406891 1181.442383 294.296600 2 27
1252.601929 296.968903 1356.611694 376.189026 2 27
1211.730591 50.984856 1263.917236 100.741249 2 27
1194.354736 476.867035 1333.430664 620.748779 2 27
1402.577759 162.126495 1482.801270 227.609131 2 27
1237.691162 154.997971 1318.152222 226.503174 2 27
1192.309937 0.000000 1236.524658 25.253962 2 27
1098.098633 47.423054 1156.994263 86.563675 2 27
1096.818237 89.529526 1160.375000 139.421875 2 27
1219.224243 33.034115 1262.187744 69.251228 2 27
1332.368164 24.620245 3601.695312 2160.000000 13 27
1711.034668 369.047913 3682.437744 2146.926758 66 27
