512.544006 1027.869507 558.961670 1122.376465 0 348
460.466461 1103.385986 492.733978 1194.261597 0 348
1198.776855 133.975403 1288.525146 209.248688 2 348
844.117126 285.915619 983.858948 406.145660 2 348
1345.717651 78.795425 1425.541748 149.471848 2 348
941.062927 530.742249 1129.040283 758.017578 2 348
1091.553589 42.244373 1154.444580 92.586014 2 348
1292.276733 29.087160 1355.487427 72.378899 2 348
1231.405396 0.691166 1279.494385 36.178379 2 348
1062.529785 159.874527 1209.228394 353.572418 7 348
943.558899 519.481873 1130.887695 770.500244 7 348
1130.441406 68.863106 3553.702148 2160.000000 13 348
3614.022461 216.841843 3839.380371 342.078186 25 348
1266.870728 79.955170 3660.599365 2160.000000 63 348
1387.330811 302.629608 3538.254639 2160.000000 66 348
