382.451111 1172.369995 423.103149 1277.001099 0 165
457.982880 1101.013184 493.776215 1197.355469 0 165
819.589050 727.072632 1075.320679 941.563293 2 165
862.645874 286.383820 985.333862 402.328705 2 165
1463.787720 213.829758 1555.420776 309.407593 2 165
1032.491943 410.825256 1170.322510 537.460999 2 165
1228.731567 217.239639 1327.252197 309.344208 2 165
1642.635986 443.354492 1803.398193 598.630432 2 165
1241.491943 467.999115 1377.848145 586.228271 2 165
1196.897339 50.509926 1276.769775 115.066505 2 165
1773.980957 883.693237 2017.875000 1189.824585 2 165
1135.193481 160.067352 3318.078857 2133.479980 2 165
1185.306396 707.510681 1355.164673 927.952515 7 165
1671.743286 360.169586 3722.819580 2149.271484 66 165
