1580.919312 363.737061 1710.857300 496.038757 2 85
865.999084 284.601959 982.890076 404.199585 2 85
1695.332275 610.605652 1873.094482 804.184326 2 85
1081.716064 215.270111 1169.235962 305.271484 2 85
1245.733398 496.441467 1383.029053 620.131287 2 85
1090.226562 864.093079 1323.345703 1073.684692 2 85
1257.145752 188.564056 1327.776001 251.371750 2 85
1315.433960 28.353251 1374.978027 78.995415 2 85
1203.222412 52.063404 1271.288330 96.753036 2 85
1401.090332 139.286377 1487.244507 206.735336 2 85
1239.487183 138.601913 1308.761230 185.100845 2 85
1238.692871 116.619812 1305.468872 164.296753 2 85
1086.445190 132.960312 1161.088745 197.238571 2 85
982.223694 456.915192 1157.780884 630.253784 2 85
989.318481 421.942047 1156.441040 623.557190 5 85
1094.279419 819.791748 1331.167969 1061.582520 7 85
