1036.473999 403.653229 1167.487549 540.659363 2 165
862.061279 286.215363 986.227966 404.476288 2 165
1462.448364 208.848022 1556.558350 313.177155 2 165
1240.942383 462.988556 1385.979980 584.628479 2 165
824.834900 737.998108 1072.097290 948.169983 2 165
1190.169800 47.579380 1261.672729 114.198639 2 165
1645.460693 460.981842 1799.570801 591.240295 2 165
1231.296875 208.939926 1330.760010 306.792389 2 165
833.831604 722.971069 1069.928345 942.278748 7 165
1642.139282 441.249359 1800.271973 601.806763 7 165
1786.308594 888.521301 2011.673706 1188.425781 7 165
1183.946045 705.406433 1355.789795 929.378540 7 165
3613.452637 221.722748 3840.000000 341.534149 25 165
1666.442383 336.285522 3715.563232 2152.783203 63 165
1498.329590 325.544556 3676.053223 2160.000000 66 165
