509.351776 1031.387451 561.413940 1120.820068 0 263
574.275024 970.803833 613.925049 1056.780396 0 263
377.693329 1169.774780 426.208832 1275.037476 0 263
774.548523 1188.646729 1174.770020 1716.203247 2 263
1072.718506 144.332306 1160.379150 247.293198 2 263
1094.674072 47.458988 1171.974854 118.870575 2 263
855.950806 283.659302 988.069763 403.529541 2 263
1762.925537 817.162231 1981.828491 1060.108887 2 263
842.297119 0.000000 3141.930420 2160.000000 6 263
1117.538818 66.731300 3327.816406 2010.453491 13 263
1300.523560 70.986557 3612.429443 2160.000000 63 263
1492.437744 362.582672 3676.799805 2146.585938 66 263
