1751.384766 1170.029907 2061.274658 1647.821655 2 134
1252.675049 266.574646 1356.304443 375.880371 2 134
509.613739 1585.351807 1054.022827 2155.283447 2 134
863.484253 284.402252 984.627747 403.509399 2 134
1070.090210 251.262802 1180.810425 361.789825 2 134
1272.983765 444.466858 1381.656372 529.985352 2 134
1207.895996 119.697357 1300.337280 206.085999 2 134
1389.092773 86.386581 1473.229248 192.237610 2 134
1024.591919 429.423859 1160.359985 580.014343 2 134
1185.708496 17.985592 1246.755981 63.212067 2 134
1529.041870 298.484680 1636.642090 412.062927 2 134
1720.176514 704.249023 1919.889160 871.152405 2 134
1718.974976 642.245972 1916.109985 863.968323 7 134
370.208008 965.483276 866.501282 1541.465332 7 134
1755.435303 1130.461548 2045.981689 1615.747314 7 134
1029.997925 433.150848 1156.922119 583.474731 7 134
3614.642822 219.349243 3839.903320 342.554047 25 134
1630.912598 156.219391 3757.594482 2120.015381 63 134
1676.861816 406.688110 3732.929688 2120.818115 66 134
