1613.579590 435.400635 1766.960327 593.941589 2 63
905.978699 1014.682312 1221.075928 1357.996338 2 63
868.001648 283.442688 982.346008 401.001404 2 63
1257.488892 307.787109 1365.856689 425.490967 2 63
1082.624512 160.454620 1171.353760 234.605011 2 63
1234.096313 135.975372 1310.195923 183.070786 2 63
1353.138062 82.750046 1427.279419 139.910080 2 63
1491.816284 254.389328 1608.142456 377.194733 2 63
1210.025635 530.253723 1369.798462 689.409668 2 63
1197.308594 20.846670 1258.079468 63.312832 2 63
1085.659790 84.006210 1161.489868 146.913971 2 63
1221.830688 82.984993 1279.002808 130.137741 2 63
1289.089478 12.483272 1335.942017 41.673370 2 63
1042.620239 353.492859 1186.929565 464.911621 2 63
1036.210815 293.192566 1181.455078 479.233459 5 63
908.058655 1029.429932 1216.788208 1391.515869 7 63
1594.705444 429.491241 1758.911743 592.966858 7 63
1134.916626 144.618530 3533.942627 2129.806641 13 63
3616.485840 220.969040 3839.044678 338.096802 25 63
1572.255859 137.862503 3777.296143 2144.173584 63 63
1602.709839 291.958221 3769.691895 2160.000000 66 63
