1730.957397 770.790466 1971.942383 1086.495850 2 107
1067.498169 299.935791 1174.352783 404.583771 2 107
854.523438 285.864716 988.041504 406.400269 2 107
1134.858398 750.902466 1373.357056 991.388794 2 107
1267.099731 276.410065 1349.776855 351.781281 2 107
1246.353394 185.269989 1325.564575 256.515198 2 107
1667.701660 480.643250 1820.935913 639.438477 2 107
1064.175049 175.116913 1174.401733 257.472473 2 107
1210.356689 72.605324 1284.278442 137.251511 2 107
1340.376099 77.331787 1409.741089 123.018486 2 107
1198.002319 91.526405 3472.914062 2160.000000 2 107
1448.100342 212.367081 1542.909668 288.011841 2 107
1343.548340 55.390717 1405.090332 102.020699 2 107
1177.096802 0.000000 1235.920532 30.869120 2 107
852.845276 623.991577 1092.775879 865.401733 7 107
616.593628 1378.087158 1082.973145 2025.816772 7 107
3608.662354 225.840103 3840.000000 347.617371 25 107
1241.311890 330.216736 3441.828369 2160.000000 66 107
