1750.133911 1090.620728 2051.293945 1537.441528 2 130
1249.642456 249.859192 1361.632935 358.099701 2 130
1275.485107 413.752411 1380.892456 501.047729 2 130
848.070984 286.293732 985.297913 403.826172 2 130
1383.008179 106.651489 1457.398315 182.932541 2 130
1034.369019 428.836761 1160.525757 550.071106 2 130
1211.510986 115.337387 1299.265869 200.491776 2 130
1068.687866 233.246826 1181.003418 339.365814 2 130
1509.341187 291.589844 1631.032593 392.743713 2 130
1187.219116 19.615915 1240.583130 59.136253 2 130
1729.878296 1066.325562 2069.443604 1544.515137 6 130
671.918396 1384.390381 1179.429932 1996.432251 7 130
1719.516846 638.177124 1898.083130 823.008545 7 130
501.820770 876.629089 906.171631 1392.081421 7 130
3612.639648 217.244095 3840.000000 333.688629 25 130
1621.748413 151.053986 3758.593506 2123.625244 63 130
1661.423584 351.044189 3737.205078 2150.258301 66 130
