287.916565 1269.451660 333.972351 1379.971313 0 71
190.212280 1364.307739 241.426804 1489.700195 0 71
456.061096 1101.941895 496.782806 1196.861938 0 71
382.987305 1179.643188 424.806122 1273.498413 0 71
697.147827 1288.199097 1090.846802 1746.629761 2 71
861.388184 284.188141 986.179199 402.851227 2 71
1526.878662 291.285187 1644.157471 416.048218 2 71
1252.962402 386.114838 1377.990967 487.028137 2 71
1081.398315 177.439941 1174.396606 257.911377 2 71
1084.034912 103.692963 1160.699829 165.093262 2 71
1200.109131 27.582205 1264.355957 74.920341 2 71
1245.893433 136.352005 1314.686646 201.000580 2 71
1055.618774 184.994995 3378.247070 2117.897949 2 71
1296.291992 4.343033 1351.383667 43.817364 2 71
1374.955566 106.025841 1455.719360 168.047089 2 71
1233.460449 113.435036 1302.560791 156.768936 2 71
1229.290161 85.698387 1282.428955 138.455536 2 71
1194.529419 642.723145 1372.376831 808.722656 2 71
1020.889832 337.424561 1171.310059 527.026855 5 71
960.889526 166.540588 3236.150391 2119.675293 6 71
1006.894653 345.453278 1183.740601 522.029663 7 71
1638.666138 491.538025 1810.813477 674.351440 7 71
1194.261963 609.029358 1375.231079 793.282898 7 71
1352.063721 150.060760 3588.736816 2134.096436 13 71
1376.720947 312.536987 3555.622314 2160.000000 66 71
