858.984436 286.333221 987.293762 404.442657 2 330
1015.417725 409.231659 1159.144043 582.415771 2 330
1175.117554 83.478920 1244.790283 148.500473 2 330
1322.703979 56.097790 1394.548096 112.516014 2 330
1185.404785 40.253101 3472.293213 2160.000000 2 330
1284.134155 18.990782 1342.407227 47.871548 2 330
985.764160 8.596344 3228.564453 2160.000000 6 330
1072.161377 103.524162 1198.497314 273.607849 7 330
1501.777222 4.580154 3630.203369 2160.000000 63 330
1380.627441 306.456512 3546.181396 2160.000000 66 330
