380.817596 1188.141113 425.412476 1284.761719 0 234
287.851044 1275.156738 334.927124 1384.181396 0 234
1172.302246 649.471619 1356.441772 888.705750 2 234
858.464539 288.119293 986.317261 404.561096 2 234
1251.108276 234.061768 1356.531128 348.313385 2 234
1080.493652 43.660923 1154.625977 162.263702 2 234
1840.314697 1085.287109 2176.156738 1535.520142 2 234
104.497711 1366.125122 663.294434 1916.337280 2 234
1853.182739 1125.660034 2152.266113 1539.798828 5 234
1682.477539 585.178833 1843.411011 747.724060 7 234
3612.743896 221.338226 3839.770020 338.452942 25 234
1669.469238 371.027954 3704.991699 2127.268799 63 234
1500.183228 319.634277 3682.614990 2160.000000 66 234
