749.491394 1225.258667 1134.136963 1685.957031 2 2
1216.554932 295.559326 1333.960815 408.845306 2 2
1734.429565 1422.324097 2069.718018 2074.286133 2 2
848.720398 284.695679 989.015076 399.216492 2 2
1243.657593 176.194946 1325.203369 255.353958 2 2
1420.483765 157.006409 1511.908569 243.360321 2 2
1079.781738 135.118210 1171.741577 208.189194 2 2
1229.115601 430.829071 1361.888428 573.673279 2 2
1216.418945 82.734314 1285.345215 141.977692 2 2
1094.187378 51.422363 1157.498413 99.359032 2 2
1347.369873 83.726517 1421.204102 147.291397 2 2
1197.466187 26.987341 1243.846558 60.712734 2 2
1273.890381 0.000000 1325.137329 23.228357 2 2
1068.752197 107.974312 1165.823120 149.971832 2 2
1145.078247 53.666721 3523.654785 2160.000000 13 2
1717.719849 379.036530 3688.230713 2138.513916 66 2
