1742.285034 1323.321899 2070.897461 1884.458618 2 141
1070.042480 283.907776 1177.966797 391.200684 2 141
992.433655 495.729431 1152.279053 652.769348 2 141
861.438721 282.593079 983.826416 408.556335 2 141
1399.881348 136.117050 1486.910156 216.759216 2 141
1220.352661 148.943237 1308.168213 232.300400 2 141
1554.212158 335.288300 1677.775879 452.183746 2 141
1246.484863 319.646729 1370.419189 413.761566 2 141
1195.910645 24.967001 1252.606934 77.014725 2 141
1274.285034 464.540497 1382.669312 595.655884 2 141
166.002441 1149.173096 715.140503 1831.114502 7 141
1730.577271 685.655884 1941.747314 919.650269 7 141
1550.754639 313.459137 1679.090454 449.174622 7 141
3616.383057 225.842499 3839.369385 344.086975 25 141
1677.161133 197.846939 3695.281250 2080.601318 63 141
1810.090332 382.477539 3782.080811 2131.095215 66 141
