587.636414 1390.207153 1025.413330 1908.209717 2 53
1047.812622 798.124756 1267.870605 1057.123779 2 53
1245.792725 438.203766 1370.921631 569.011292 2 53
859.928955 285.571381 985.552002 407.264648 2 53
1251.611084 251.245865 1353.280396 360.028595 2 53
1593.401855 377.047089 1714.954346 511.138214 2 53
1035.649292 277.671082 1176.781250 401.302277 2 53
1075.537720 119.509499 1167.657837 207.649597 2 53
1462.037476 226.001343 1566.356323 327.074188 2 53
1336.349854 72.012230 1417.396729 118.653427 2 53
1195.301270 15.598811 1255.590942 55.033546 2 53
1231.036621 110.202934 1296.719116 160.715546 2 53
1025.465088 250.872101 1183.838745 414.881042 5 53
524.713318 1392.661865 1077.000854 1986.893188 7 53
1055.076050 62.352043 1163.611572 233.594727 7 53
1116.440308 143.007431 3571.082520 2132.494873 13 53
3609.754150 217.031586 3840.000000 339.287201 25 53
1631.419067 305.747650 3751.030029 2160.000000 63 53
1324.150757 301.814453 3608.369141 2160.000000 66 53
