519.183105 1038.400757 570.956665 1144.460449 0 64
379.185883 1189.093994 425.423157 1283.737061 0 64
454.492157 1102.644165 496.188385 1201.068359 0 64
1251.925537 306.619232 1375.574341 429.588287 2 64
856.369629 286.207672 982.360535 402.103821 2 64
1197.182251 533.601257 1363.877808 696.920776 2 64
1356.486084 71.621819 1432.412842 138.764420 2 64
1079.463379 157.677826 1170.077393 236.056808 2 64
856.282715 1053.604004 1221.799683 1438.120361 2 64
1237.831299 121.813194 1308.815796 188.030991 2 64
1193.761475 19.880960 1259.009644 63.338295 2 64
1507.670776 267.112640 1628.983643 382.237915 2 64
1036.880737 358.179108 1191.174316 467.843475 2 64
1035.314697 302.464020 1176.380249 482.123199 5 64
1019.216492 313.846069 1186.960815 481.357117 7 64
1631.449707 425.780609 1770.172974 597.439941 7 64
1324.809570 99.729759 3594.775879 2160.000000 13 64
3612.427734 218.746597 3840.000000 330.455353 25 64
1434.459961 75.014526 3726.913330 2160.000000 63 64
1398.591675 245.492462 3519.036621 2160.000000 66 64
