856.844666 284.151306 984.776855 405.193390 2 158
1245.284668 412.254852 1381.071289 531.168091 2 158
1048.954590 374.217773 1177.304688 490.544434 2 158
1236.005981 183.029922 1317.254028 278.937378 2 158
1193.843506 33.139000 1262.630493 107.359306 2 158
1442.814209 175.680527 1537.998413 284.949188 2 158
1765.868408 845.989807 1988.602417 1099.820190 2 158
1608.776611 418.653931 1762.863770 551.116760 2 158
1223.280273 644.477173 1365.266968 804.747375 2 158
902.187012 646.197388 1107.007935 835.159668 7 158
1770.188965 816.503418 1983.761841 1076.665161 7 158
1223.127686 622.729309 1366.270996 801.539124 7 158
1055.062378 152.689468 3389.696289 2134.676514 13 158
3612.543945 218.217529 3840.000000 338.620819 25 158
1246.772339 92.278625 3670.940918 2160.000000 63 158
1637.976562 334.335449 3740.185547 2160.000000 66 158
