461.507843 1103.451660 492.471283 1197.202026 0 153
1248.318726 375.573792 1374.803833 491.199615 2 153
860.649780 285.712036 985.791748 402.926758 2 153
1229.034912 183.556015 1319.346680 267.289459 2 153
1434.160278 170.084366 1517.943115 263.475708 2 153
1250.938232 590.939880 1372.772095 735.235474 2 153
1759.183960 784.793457 1976.912476 1039.129883 2 153
1052.601196 345.806091 1179.850952 453.458618 2 153
1606.651855 369.137299 1736.246826 527.205139 2 153
1192.135010 45.859333 1259.791748 96.070511 2 153
1249.127563 575.604492 1375.080322 733.636414 5 153
1727.367065 728.426392 1971.749390 1040.237305 6 153
943.524109 587.358154 1118.529419 768.418762 7 153
1737.065430 783.625916 1970.274658 1041.789062 7 153
1112.057983 0.000000 3588.544189 2124.602783 13 153
3609.313965 219.369156 3840.000000 345.174042 25 153
1635.276489 320.512604 3750.871826 2160.000000 63 153
1335.285034 290.807526 3596.438477 2160.000000 66 153
1689.583862 1665.881592 2102.704346 2160.000000 67 153
