457.801483 1101.388550 493.948029 1196.678833 0 334
862.001709 287.371216 985.449524 406.124939 2 334
989.187073 429.659485 1152.963745 622.618958 2 334
1180.532715 94.197456 1254.383545 164.259323 2 334
1338.591797 72.079292 1402.693604 123.271172 2 334
1286.923096 20.487669 1338.706177 49.063679 2 334
1161.740845 0.000000 3515.144531 2134.006348 2 334
1092.202148 30.977896 1151.304932 71.107178 2 334
865.350891 0.000000 3079.381592 2160.000000 6 334
1056.466797 109.634796 1208.819458 294.226196 7 334
999.690247 430.244507 1166.879883 616.314880 7 334
1431.201294 55.196911 3704.558594 2160.000000 13 334
1653.237671 348.097656 3747.880859 2160.000000 66 334
3229.504395 1063.036621 3820.792236 2158.127197 74 334
