479.052734 1056.823120 881.477234 1440.045532 2 185
864.259888 283.750305 982.104126 406.936554 2 185
1245.551758 284.813232 1345.962036 410.009521 2 185
954.250427 551.117004 1146.112061 708.425171 2 185
1184.453735 645.465515 1364.711670 830.984070 2 185
1522.170410 291.287018 1628.264526 412.180573 2 185
1811.831055 1178.910522 2092.738037 1610.622437 2 185
1208.269775 95.474617 1281.330200 164.413589 2 185
1083.407837 41.443745 1155.766113 86.962044 2 185
1725.936646 585.833923 1895.139526 757.952576 7 185
949.109985 1119.027466 1238.740234 1502.732788 7 185
1807.988770 1142.294678 2089.869629 1592.272217 7 185
525.480652 1049.143311 934.909912 1439.583862 7 185
3609.476318 217.044052 3840.000000 339.369263 25 185
1635.612793 332.735107 3730.940918 2152.969482 63 185
1498.555176 334.015259 3676.047119 2160.000000 66 185
