1750.026367 816.524475 1980.647827 1131.900269 2 110
1657.388306 491.282257 1832.396606 668.700195 2 110
864.722534 284.861053 984.280212 404.256348 2 110
1068.926147 311.963074 1177.255005 424.072601 2 110
1212.800781 72.464676 1290.137695 143.459702 2 110
1249.416992 178.809921 1337.468750 267.242523 2 110
1125.589844 921.790649 1352.633789 1067.194946 2 110
1272.035400 276.109070 1360.562256 366.978363 2 110
1346.209229 61.951843 1410.741455 131.527969 2 110
1074.399902 177.735428 1175.319092 266.973022 2 110
1453.261597 204.765457 1560.019165 297.813690 2 110
1140.963989 785.478577 1366.893677 965.721436 2 110
1178.696289 1.298904 1233.260376 31.633757 2 110
448.007965 1576.862793 1034.445801 2155.785889 6 110
817.362183 594.222534 1076.556763 928.198181 7 110
1741.269287 785.961548 1987.835205 1122.520752 7 110
402.883087 1567.826538 1012.846619 2160.000000 7 110
1127.239624 791.123474 1375.281616 1045.230103 7 110
3614.491943 216.497025 3840.000000 345.618866 25 110
1603.776733 98.248093 3763.133545 2153.029541 63 110
1622.713135 316.859070 3771.354004 2160.000000 66 110
