380.377289 1171.427246 422.973816 1276.447876 0 208
455.974152 1102.581421 494.328491 1199.175537 0 208
1220.410767 418.872284 1378.575684 576.736206 2 208
952.396240 1010.211792 1268.352539 1334.951172 2 208
858.235291 283.864746 987.488770 403.770660 2 208
744.499756 812.381836 1010.912781 1052.802002 2 208
1591.947998 412.272827 1729.294556 536.968750 2 208
1225.079590 143.416672 1325.362549 236.326202 2 208
0.000000 1895.728149 263.913574 2160.000000 2 208
1049.439331 43.285843 1153.686523 120.084793 2 208
1805.146851 760.236816 2020.400757 1023.537903 7 208
948.143616 1038.917725 1262.969849 1376.976685 7 208
1212.009033 26.492270 3485.232910 2160.000000 13 208
3615.163574 221.785339 3840.000000 341.406311 25 208
1615.429077 0.000000 3771.648438 2160.000000 63 208
1630.654297 246.226715 3775.062012 2160.000000 66 208
