855.204651 285.777954 984.460999 404.925354 2 90
1201.335571 47.124649 1273.307495 107.128426 2 90
1239.042114 540.507629 1391.439941 679.147095 2 90
1254.301147 184.843246 1335.357056 274.274933 2 90
1069.463257 198.889725 1172.163696 322.904755 2 90
1326.399292 41.482655 1380.131470 88.531601 2 90
1234.050659 129.138443 1321.640747 203.195450 2 90
1074.467163 138.121262 1163.500366 211.053299 2 90
1417.997559 144.661789 1493.254272 225.140747 2 90
963.730469 458.903137 1156.717285 669.886414 5 90
1238.597046 504.114960 1387.341919 675.624329 5 90
1023.309814 903.063049 1295.617554 1218.733276 7 90
1702.115356 629.921204 1887.376465 876.186646 7 90
1595.121094 369.139130 1744.788086 526.052734 7 90
1060.270020 176.713928 1182.140869 321.759094 7 90
1295.624146 127.276833 3649.066162 2151.121826 13 90
3609.522461 220.390305 3840.000000 340.920624 25 90
1580.330078 111.666519 3768.239502 2140.927979 63 90
1358.242554 327.190674 3584.462891 2160.000000 66 90
