1242.783569 567.710815 1388.670532 674.866882 2 89
856.026794 287.375214 986.356628 404.562469 2 89
1202.787964 46.263138 1275.386230 106.264740 2 89
1253.097168 186.839096 1337.452026 270.024139 2 89
1075.724854 231.770889 1174.895996 323.667175 2 89
1324.541138 27.719534 1381.684937 86.098816 2 89
1232.024414 125.699837 1321.942627 199.288315 2 89
1415.238403 147.330887 1492.005615 223.166077 2 89
1071.254639 136.124146 1164.750122 205.126984 2 89
970.829041 457.444122 1154.417725 660.926941 5 89
1026.303711 920.906494 1289.887939 1178.631470 7 89
1600.393433 375.397552 1728.711182 510.295227 7 89
1698.402344 644.825806 1884.785645 861.814026 7 89
1285.322998 122.694046 3655.292236 2148.604248 13 89
3609.553223 219.216370 3840.000000 343.824219 25 89
1600.632812 115.186951 3757.301025 2132.871094 63 89
1650.027222 318.477386 3732.354004 2160.000000 66 89
