1080.461426 207.738068 1177.660522 294.960571 2 82
851.547668 284.800415 983.180176 402.082642 2 82
1680.286987 587.037109 1860.716553 777.821106 2 82
1394.122681 125.044090 1470.865723 198.239807 2 82
1251.465088 181.188919 1321.959473 250.177109 2 82
1572.278564 343.010529 1695.019653 484.261993 2 82
1195.413574 44.070221 1273.585938 96.526505 2 82
1308.938477 32.988796 1367.399048 73.773476 2 82
1085.630493 126.966583 1163.971924 193.784286 2 82
1228.210571 444.145294 1391.912109 591.785767 2 82
1232.613281 107.364174 1321.478516 177.285110 2 82
311.816467 1848.150269 816.203247 2141.977295 2 82
982.114258 412.144073 1172.207764 603.701660 5 82
1117.999146 762.249023 1340.716675 1000.659424 7 82
1307.309570 145.043106 3637.113281 2136.840576 13 82
1586.981689 121.248428 3781.507568 2138.041504 63 82
1598.649414 333.966400 3797.646973 2160.000000 66 82
