977.838318 907.539429 1234.727295 1232.639160 2 59
361.106079 1754.201782 878.403442 2160.000000 2 59
1250.983765 285.188354 1365.942383 390.766724 2 59
862.725403 281.321625 987.040161 404.940918 2 59
1484.700684 274.568939 1594.759644 355.770691 2 59
1600.796265 407.747253 1746.763550 561.083679 2 59
1350.791504 72.612701 1419.447876 133.558609 2 59
1087.709839 151.342606 1166.169434 217.088684 2 59
1045.250000 317.794159 1183.599609 435.454773 2 59
1231.361206 517.849121 1381.616211 639.630310 2 59
1236.812500 104.238564 1301.950684 168.688416 2 59
1196.557861 1.522808 1258.298828 63.401352 2 59
1083.985840 87.533852 1159.730591 133.645477 2 59
1281.565674 12.817153 1334.186523 37.658611 2 59
1215.780396 71.011101 1287.230957 121.069099 2 59
1044.928833 265.035187 1176.415283 435.560852 5 59
1227.886841 485.835419 1379.748413 633.730164 7 59
1044.005005 288.819000 1176.322876 442.284943 7 59
1395.245728 0.000000 3728.957275 2160.000000 13 59
1466.173706 294.055450 3681.291016 2160.000000 66 59
