190.954041 1369.983154 246.254791 1489.953369 0 3
722.159912 1264.821289 1118.976929 1737.554321 2 3
865.890564 281.930786 984.488037 402.343018 2 3
1213.950317 316.642548 1333.394043 415.798737 2 3
1226.531982 449.375000 1361.275269 585.962097 2 3
1430.945435 158.274872 1521.397339 253.168365 2 3
1751.615479 1433.154053 2059.052734 2090.125488 2 3
1080.688477 123.221962 1174.126343 207.235779 2 3
1245.373413 190.888474 1325.981201 259.225037 2 3
1099.292236 52.697292 1160.901733 103.913834 2 3
1358.772095 111.133286 1429.138306 155.761749 2 3
1213.592529 88.900162 1278.442749 140.054047 2 3
1200.952026 24.067381 1241.953125 61.810566 2 3
1199.676758 2.830524 1243.638062 45.019852 2 3
1471.718750 110.857193 3670.955566 2141.134033 13 3
1690.442261 642.151672 3711.101318 2118.187744 66 3
