1745.816528 838.339905 1988.400146 1163.863647 2 112
1067.153809 326.882721 1172.269409 432.276642 2 112
1103.736938 833.200439 1357.935425 1112.733765 2 112
1275.122803 292.543121 1356.538452 381.016724 2 112
1211.706665 75.179153 1285.805542 151.167053 2 112
1348.707031 66.317482 1417.055298 130.540924 2 112
1075.548340 189.982895 1169.785156 273.985291 2 112
420.602570 1668.057373 974.740845 2151.834717 2 112
1465.948608 209.737808 1566.922607 313.437531 2 112
858.959839 279.942261 985.623169 401.221039 2 112
1247.926636 186.531250 1337.078369 270.760223 2 112
1670.565552 503.359650 1835.375732 677.937683 2 112
806.360535 634.854065 1066.243042 962.723206 7 112
1112.003052 802.741211 1356.516724 1106.399170 7 112
1210.580200 0.000000 3459.363770 2160.000000 13 112
3615.545898 217.363571 3839.964111 336.900543 25 112
1686.129395 378.546631 3703.674072 2132.549561 66 112
