513.063904 1032.861450 560.327637 1116.626343 0 269
623.133972 907.605835 660.807556 995.194519 0 269
1793.315430 863.734802 2012.069946 1163.766113 2 269
857.000366 283.645477 989.149536 403.063629 2 269
1065.575317 158.033279 1163.387329 268.300537 2 269
1259.828247 0.000000 1336.255981 26.372507 2 269
1082.095215 59.255215 1171.321411 130.547668 2 269
1210.300049 463.765717 1370.328735 630.227844 2 269
1225.575195 39.701267 3455.953613 2160.000000 2 269
592.122559 1343.747314 1066.536743 2074.558838 7 269
1360.015991 34.132919 3574.549316 2160.000000 63 269
1816.973755 350.529999 3782.589844 2159.685547 66 269
