1731.937500 1357.626953 2078.210449 2111.306885 2 144
988.479919 515.884766 1151.163940 672.390930 2 144
1249.554443 316.561188 1368.858887 432.655304 2 144
1268.249268 491.186218 1385.455078 625.113892 2 144
857.402405 285.901215 986.893677 403.564331 2 144
1411.828003 149.541656 1496.839478 228.836166 2 144
1222.048096 140.759003 1306.595703 237.681534 2 144
1062.332275 292.824432 1179.246704 409.954468 2 144
1189.535645 26.782663 1253.563354 81.660286 2 144
1557.993530 355.790833 1695.243042 466.078003 2 144
1733.380615 1400.828613 2060.522461 2036.874268 5 144
28.823488 1249.369507 657.205505 1973.438599 7 144
1732.929932 695.676941 1944.607666 942.851868 7 144
984.342773 529.805481 1152.350098 674.715149 7 144
1177.774780 0.000000 3521.551758 2123.642090 13 144
3612.014160 219.759857 3839.661865 341.983887 25 144
1675.557007 320.148438 3714.133057 2155.331543 63 144
1372.187988 318.062408 3554.321289 2160.000000 66 144
1758.968262 1361.082397 2090.528320 2112.643799 67 144
