1759.461548 1110.636963 2046.709351 1550.067139 2 130
859.935913 284.185638 985.517883 405.644287 2 130
1519.175049 291.448730 1631.873779 389.735168 2 130
1718.987061 600.327026 1899.257812 817.063477 2 130
1037.751099 426.687347 1159.990234 550.208191 2 130
1275.945068 418.531250 1375.882202 496.375549 2 130
691.750244 1357.319824 1160.952759 1970.891968 2 130
1250.231323 271.635345 1361.025513 350.749023 2 130
1075.862671 236.480820 1175.073608 339.774048 2 130
1384.229736 109.144928 1457.638794 181.424896 2 130
1211.149170 120.972969 1298.290039 198.322662 2 130
1191.275879 13.157386 1243.792114 57.166439 2 130
489.392761 894.192749 907.377930 1381.028564 7 130
