680.053406 1280.819458 1095.484497 1725.869629 2 50
1455.788818 219.194855 1551.111450 312.429871 2 50
1578.809326 372.509979 1697.977539 495.220398 2 50
1252.523315 238.367599 1347.296387 334.710358 2 50
864.575928 285.280243 986.385132 400.560486 2 50
1240.411865 434.797546 1375.293091 544.472412 2 50
1079.208252 767.807068 1288.742188 978.453003 2 50
1049.581543 251.692993 1186.575806 382.544739 2 50
1083.701416 127.126343 1168.867920 198.201477 2 50
1090.546509 80.542999 1157.861328 122.169678 2 50
1334.499268 58.465916 1403.319214 111.308319 2 50
1195.234497 0.900421 1255.293335 49.250103 2 50
1220.654053 62.773071 1289.911621 145.786057 2 50
1572.915527 337.200256 1688.412476 495.413208 7 50
1197.870605 94.260399 3497.045410 2160.000000 13 50
3616.723633 217.494156 3840.000000 331.983826 25 50
1470.221069 316.039459 3693.096924 2160.000000 66 50
