803.161743 752.264038 1059.119263 982.730225 2 167
1031.655029 427.103668 1166.085327 553.792053 2 167
860.353882 286.519867 987.251526 404.939911 2 167
1244.414185 491.871277 1383.272217 614.610962 2 167
1167.357056 766.286072 1344.711182 964.654053 2 167
1234.096924 223.714020 1330.301270 324.938599 2 167
1470.153442 224.327423 1563.532593 325.037933 2 167
1652.592163 448.568878 1806.462769 607.066345 2 167
1198.872192 63.151012 1269.653076 123.978760 2 167
1796.461792 902.487671 2018.039551 1227.301147 7 167
1175.639771 764.003967 1349.316772 965.407166 7 167
1656.495483 444.872437 1797.577515 605.337830 7 167
1004.716125 123.170120 3434.483398 2128.115234 13 167
3609.756836 219.543564 3840.000000 343.494049 25 167
1630.447510 303.670563 3732.001953 2160.000000 63 167
1345.148682 294.362061 3588.817627 2160.000000 66 167
