511.926178 1029.702515 559.982239 1121.268433 0 306
811.751953 1037.440918 1159.354126 1454.902710 2 306
856.582703 284.990265 987.781189 405.423309 2 306
1039.144531 280.492279 1169.340088 425.265991 2 306
1291.681396 33.915825 1364.315674 75.600807 2 306
1055.951294 55.873943 1202.379639 205.571350 7 306
811.648682 1024.378784 1098.636108 1448.052856 7 306
1146.786377 0.000000 3544.902832 2160.000000 13 306
3614.145508 220.331375 3840.000000 338.534882 25 306
1659.051025 293.345703 3730.599121 2160.000000 63 306
1387.377075 305.765289 3543.166504 2160.000000 66 306
