1035.051025 433.328003 1166.057251 544.257202 2 166
863.688293 287.665314 984.787720 403.841370 2 166
1239.112915 501.937714 1383.611694 598.596375 2 166
1651.794189 449.541534 1814.176270 609.688538 2 166
1239.095459 203.323273 1318.810913 314.103912 2 166
1457.719482 207.643188 1561.422241 315.859650 2 166
1190.427246 51.940380 1261.151123 116.558868 2 166
813.462280 729.260864 1064.203857 964.133667 7 166
1790.043091 891.120850 2013.178833 1212.037231 7 166
1162.266602 703.066833 1346.104492 950.855225 7 166
1029.645752 101.845772 3413.429199 2151.044434 13 166
3616.309570 218.935425 3840.000000 342.139313 25 166
1659.184082 309.006836 3727.476807 2160.000000 63 166
1393.087402 298.347687 3541.542480 2160.000000 66 166
