382.571747 1183.290649 424.501343 1286.004517 0 176
1060.997803 922.121521 1313.216919 1178.370117 2 176
1002.197876 474.828613 1146.627563 618.775146 2 176
691.412659 887.548889 969.577148 1167.367798 2 176
1794.565796 1032.393677 2068.366211 1390.287964 2 176
1488.816284 261.695465 1593.611450 360.335052 2 176
854.017700 283.832916 988.824158 401.153381 2 176
1204.810913 549.554504 1387.214111 699.268677 2 176
1232.061401 252.820343 1340.408936 360.708374 2 176
1690.027222 514.920959 1856.012329 675.881592 2 176
1202.012695 76.057198 1276.235840 137.690613 2 176
1099.477539 32.153950 1149.651489 70.119263 2 176
1338.919678 7.800693 1390.573486 44.849335 2 176
1240.963379 534.941589 1370.106079 634.926086 2 176
1430.862183 290.258545 3500.589111 2160.000000 2 176
1691.976562 528.773865 1861.378662 679.841187 7 176
1090.395630 918.159180 1319.907593 1180.314941 7 176
3598.467285 220.635208 3840.000000 339.333771 25 176
3225.669189 1025.247070 3818.135254 2160.000000 38 176
1872.741211 350.131744 3721.056885 2133.779053 66 176
