989.122864 910.132751 1262.802368 1276.585815 2 252
854.111145 286.974335 986.970825 403.293884 2 252
1256.239380 340.709808 1375.952881 464.494598 2 252
1731.910400 703.078979 1928.892700 929.419739 2 252
1021.210938 106.972839 3423.642090 2160.000000 2 252
1085.109863 51.154629 1177.628662 97.208397 2 252
1049.639160 51.273304 1157.567383 208.851349 2 252
1058.584473 14.750632 3388.582520 2058.925781 13 252
3607.427002 219.608566 3840.000000 342.608521 25 252
1314.105591 72.827911 3617.324463 2160.000000 63 252
1382.551514 304.994537 3548.101807 2160.000000 66 252
1891.959717 1619.250732 2256.170654 2160.000000 67 252
