1212.239502 369.018738 1341.919189 493.440704 2 14
1464.977905 203.101715 1557.790161 297.134613 2 14
869.065796 282.841858 983.725403 403.450684 2 14
1080.988037 179.091217 1179.086060 252.806732 2 14
1096.968628 76.858002 1155.772339 122.506363 2 14
1249.529053 204.722549 1343.629517 306.344025 2 14
1219.123413 105.468803 1293.340210 173.525269 2 14
1190.431274 548.416870 1352.564331 715.495789 2 14
1203.657837 0.000000 3485.682129 2160.000000 2 14
1382.514282 123.216812 1450.402466 190.613358 2 14
1080.005249 125.241615 1170.602783 189.966187 2 14
1731.319214 1658.016968 2033.945557 2158.563721 2 14
1684.897339 1647.481323 2061.641357 2160.000000 56 14
1306.604980 14.410285 3617.186035 2160.000000 63 14
1699.941040 302.055115 3677.165527 2160.000000 66 14
