575.225220 970.280273 610.733398 1053.758301 0 298
1061.549194 253.845047 1165.023438 382.857025 2 298
857.262939 285.277618 983.889709 410.167908 2 298
1299.243530 36.615940 1349.258301 66.384544 2 298
984.300110 833.586243 1231.529541 1162.952271 7 298
1056.719971 40.104786 1193.666138 184.490311 7 298
1185.584351 0.000000 3498.462891 2097.064941 13 298
3609.619141 222.372879 3840.000000 341.074432 25 298
1280.133911 84.694969 3653.507812 2160.000000 63 298
1377.241821 283.421173 3545.222412 2160.000000 66 298
