1714.118652 642.835754 1909.594971 825.904175 2 131
645.523621 1417.965210 1158.465454 2064.472656 2 131
1252.054932 261.535370 1359.117188 359.829803 2 131
857.967590 284.336792 985.467041 405.688110 2 131
1030.734741 433.605988 1159.707642 559.391663 2 131
1210.003418 116.873070 1299.619141 201.422638 2 131
1271.736938 405.683868 1379.955811 507.813019 2 131
1383.626953 101.672737 1459.412842 183.795074 2 131
1067.052856 237.201675 1181.391968 348.452423 2 131
1517.190918 296.363403 1632.955688 390.579163 2 131
1723.064087 1063.657837 2062.825928 1545.383057 6 131
1746.561768 1119.993408 2060.751465 1573.996094 7 131
477.944580 911.989441 890.841003 1407.866943 7 131
1713.994385 611.080933 1905.649048 812.988831 7 131
1008.849976 422.627777 1176.142944 558.802856 7 131
3618.782715 221.455872 3837.576416 344.274536 25 131
1602.624878 117.932388 3785.697021 2149.518555 63 131
1611.453857 347.758362 3791.391357 2160.000000 66 131
