379.651550 1189.377563 428.955109 1281.726318 0 69
1190.417114 600.538208 1369.281860 762.056885 2 69
865.138550 282.798615 981.617859 401.885590 2 69
741.799561 1182.860840 1136.901367 1666.205200 2 69
1633.541504 478.951019 1803.366699 644.054199 2 69
1080.860596 177.202713 1173.643555 252.933762 2 69
1363.263306 88.399536 1446.322632 162.365677 2 69
1237.776001 128.737106 1312.811401 196.205505 2 69
1252.954468 343.351227 1375.178345 464.089142 2 69
1516.818848 287.001678 1635.434326 404.894348 2 69
1075.848022 93.860657 1167.109375 165.833466 2 69
1197.453369 29.386538 1268.139648 75.810753 2 69
1019.622498 343.653229 1188.957520 514.432983 5 69
1129.228271 110.110008 3552.537109 2160.000000 13 69
1230.190552 74.047844 3693.946777 2160.000000 63 69
1301.750854 298.921143 3628.573975 2160.000000 66 69
