2254.841309 152.791656 2350.512695 379.620880 0 130
1964.883911 122.774155 2388.506104 295.397522 2 130
2340.091553 165.611557 2825.558838 351.500916 2 130
2637.023193 124.771950 2917.791748 294.195526 2 130
3056.786865 147.770676 3249.573975 287.505798 2 130
771.286560 215.680832 942.277405 313.064087 2 130
1580.955200 59.672180 1737.483398 164.900085 2 130
681.801758 233.436691 1349.129395 560.005493 7 130
2292.535400 360.375122 2355.397949 388.320892 36 130
752.195618 1485.443726 2212.429688 2160.000000 67 130
