1006.470947 714.954285 1420.578369 1536.122681 0 406
1966.727905 127.653229 2378.783936 295.010925 2 406
2327.821045 165.086731 2822.327637 343.978699 2 406
2634.255371 125.259583 2920.681885 295.665771 2 406
3055.146240 142.311859 3251.252930 292.721771 2 406
1579.169800 59.227406 1734.401611 165.406708 2 406
2360.026123 69.158875 2534.546143 147.841400 2 406
2513.218262 96.187698 2621.343506 165.463135 2 406
692.922119 229.033340 1332.441528 566.447937 7 406
724.838928 1496.169800 2251.631836 2160.000000 63 406
