1233.493408 547.847168 1669.030762 1482.840820 0 396
1967.379395 123.997986 2378.948730 292.411987 2 396
2336.646973 162.112534 2827.585693 348.385040 2 396
2635.767090 121.914589 2920.510742 297.468079 2 396
3054.810059 142.964401 3271.537109 289.830994 2 396
2358.751221 65.826988 2483.476318 144.030411 2 396
773.919434 214.013657 939.576294 312.291626 2 396
1578.053467 59.808651 1739.930786 164.506180 2 396
2529.472168 62.907310 2717.082520 158.853256 2 396
676.907104 234.031662 1347.252808 573.907898 7 396
689.757935 1468.028076 2122.505859 2160.000000 67 396
731.797729 1469.277100 2253.153320 2160.000000 68 396
