1720.010742 304.860291 1979.435913 985.423218 0 352
1974.061523 124.326202 2375.032227 288.422577 2 352
2338.043945 166.539795 2821.518799 340.375763 2 352
3052.328613 145.557861 3253.852295 287.741547 2 352
2634.195557 124.575912 2917.639648 293.189484 2 352
1579.309082 59.786335 1737.713135 162.930786 2 352
774.212036 216.327087 939.773132 310.382874 2 352
680.787231 233.232864 1349.521973 566.803894 7 352
737.300232 1472.815430 2237.228760 2160.000000 63 352
710.439392 1470.683350 2100.947754 2160.000000 67 352
