2257.666748 140.221710 2320.545166 322.832764 0 61
1971.127075 118.771698 2399.678955 298.893677 2 61
2343.699463 164.636520 2823.571289 349.883636 2 61
2633.773926 123.768761 2918.720215 293.301300 2 61
3053.834961 142.237701 3252.489746 289.530945 2 61
1576.582886 61.485611 1738.158813 164.445862 2 61
2360.142334 68.998032 2483.773926 145.701599 2 61
775.589600 216.410049 936.550049 312.965912 2 61
679.429871 228.218750 1346.177002 566.775940 7 61
756.390015 1463.956543 2207.091309 2160.000000 63 61
709.832886 1468.084839 2117.291748 2160.000000 67 61
