2240.452148 140.517197 2365.088867 425.119385 0 158
2333.759766 163.947815 2823.851807 353.507965 2 158
1983.640259 121.322243 2297.529785 298.790802 2 158
2636.254150 124.073402 2922.251709 295.836151 2 158
1578.787231 59.954105 1734.166138 167.190277 2 158
3060.772705 138.921310 3250.832520 292.576996 2 158
2359.534668 66.287437 2530.868896 147.092499 2 158
681.378845 232.972519 1335.488647 571.924988 7 158
708.697815 1475.588013 2267.923584 2160.000000 63 158
677.025085 1481.964966 2140.684814 2160.000000 67 158
