1669.877441 326.024078 1938.101685 1052.604126 0 359
1959.785034 129.738007 2384.419434 292.737091 2 359
2343.638672 167.815811 2814.747070 346.041962 2 359
2637.501953 126.948959 2917.644043 291.532166 2 359
3056.322021 150.839752 3253.599365 290.336609 2 359
772.872803 216.186096 937.650085 313.392883 2 359
1581.261963 59.420067 1735.779907 166.763062 2 359
2512.299805 75.341599 2741.944336 171.234161 2 359
2897.180176 135.898926 3067.447754 232.468063 2 359
676.666992 235.458054 1335.925537 572.489502 7 359
743.124878 1473.033569 2238.698975 2160.000000 67 359
