2242.479492 159.330353 2351.401123 410.150513 0 160
1955.510254 122.179176 2391.409668 289.481964 2 160
2375.048584 178.912567 2800.096680 339.341553 2 160
2625.072998 125.300896 2921.994629 293.773712 2 160
3056.419189 147.385468 3247.634521 288.819336 2 160
779.717896 227.446396 929.019348 317.995239 2 160
670.488037 234.243958 1337.364746 582.945862 7 160
1562.913086 39.327274 1950.356445 167.159027 7 160
2284.739258 387.155670 2355.752197 421.009583 36 160
733.094482 1470.836670 2215.949463 2160.000000 73 160
