2210.483887 139.252960 2328.445068 448.835754 0 199
1954.474365 124.213936 2390.480469 295.284088 2 199
2381.597168 176.177551 2793.513916 342.055542 2 199
2637.427246 124.770233 2920.824219 290.761047 2 199
3058.743164 148.645462 3249.051514 289.678802 2 199
1580.672852 59.706284 1738.474976 165.332779 2 199
2892.802734 131.399338 3070.215088 235.124237 2 199
776.399963 223.297104 924.170532 322.951111 2 199
680.530640 230.420029 1339.173096 567.358337 7 199
759.508362 1481.735352 2241.662842 2160.000000 67 199
