2183.389404 175.105240 2301.924561 510.521240 0 226
2342.016113 167.530960 2818.715088 343.661469 2 226
1961.342773 127.158615 2397.956055 297.145935 2 226
2633.904297 124.034607 2920.063232 293.002716 2 226
3056.957764 151.655487 3246.150146 287.474670 2 226
772.306396 214.495224 937.669128 313.668793 2 226
2897.756348 134.796295 3067.208984 232.831635 2 226
682.480347 237.834305 1337.042236 565.753052 7 226
1577.950928 40.551907 1943.172852 167.778610 7 226
2201.956787 477.822388 2316.458252 530.888855 36 226
758.550232 1471.038818 2226.131836 2160.000000 67 226
