2212.640137 149.654373 2324.285645 463.975037 0 193
2339.869385 167.649185 2827.151611 353.221985 2 193
1954.318848 132.291748 2394.052979 295.466858 2 193
2629.619141 127.794678 2923.586182 289.784882 2 193
3056.275879 146.264526 3253.039307 291.475861 2 193
1582.578369 58.572575 1736.168213 165.832886 2 193
775.267029 226.434052 921.632935 318.822876 2 193
2509.074951 76.785789 2738.912598 170.001511 2 193
679.361694 224.874908 1353.223755 571.684204 7 193
722.704712 1477.529663 2278.480713 2160.000000 67 193
