2109.614502 178.380188 2256.594727 587.449707 0 266
2349.885010 174.757111 2804.597656 338.622528 2 266
1966.272461 126.528503 2380.088135 286.960938 2 266
2632.934814 124.458611 2920.183350 292.867798 2 266
3052.274170 144.240753 3260.581299 288.417297 2 266
1583.296631 59.421898 1734.187866 165.640167 2 266
2512.694092 90.154205 2627.429932 167.714188 2 266
774.650024 213.983337 942.011414 316.253235 2 266
687.214172 232.686188 1337.249634 565.072266 7 266
2135.674805 539.881897 2270.246826 640.491882 36 266
726.116028 1480.166382 2252.681396 2160.000000 67 266
