2238.637451 163.504242 2354.044678 423.685211 0 167
1959.495728 123.409073 2381.664551 292.181488 2 167
2349.233154 162.376892 2819.332275 352.941376 2 167
2636.182129 124.134972 2916.269775 292.279114 2 167
3054.943604 143.623459 3241.158691 290.058838 2 167
772.383118 215.531143 942.286438 313.285187 2 167
685.915588 233.337128 1338.345459 564.364807 7 167
1573.277466 41.214520 1951.449463 170.326187 7 167
746.946838 1468.750854 2217.455078 2160.000000 63 167
709.281616 1476.100342 2104.397949 2160.000000 67 167
