2242.076660 141.856720 2344.643311 357.628204 0 90
1975.049927 123.764755 2394.298096 298.518555 2 90
2341.709961 165.933594 2824.994141 348.828705 2 90
2639.343018 126.694328 2918.209473 291.761841 2 90
3057.260010 148.190796 3239.176025 289.714600 2 90
771.376404 215.978149 934.813782 313.304871 2 90
1586.201904 58.070065 1735.528931 165.315384 2 90
2905.698242 120.695564 3070.078369 231.075653 2 90
686.693298 222.284073 1346.828125 560.104980 7 90
745.967102 1473.950195 2228.618896 2160.000000 67 90
