2057.186035 209.753021 2245.349121 658.013977 0 283
1982.785400 125.817253 2389.689697 286.993103 2 283
2350.570557 170.416367 2803.694824 335.782104 2 283
2632.418945 125.502083 2921.381348 291.947937 2 283
3051.135742 144.954529 3266.357422 289.350342 2 283
1582.058350 57.566296 1733.856567 164.999527 2 283
2514.667969 94.499069 2625.605713 167.300476 2 283
678.550354 234.056152 1334.207764 578.505249 7 283
2083.604492 597.046387 2280.055420 707.958130 36 283
720.616211 1474.906006 2255.717773 2160.000000 63 283
673.197388 1482.825073 2149.240967 2160.000000 67 283
