2252.919922 133.425980 2368.787354 385.052002 0 113
2333.036377 166.247620 2831.368896 342.628540 2 113
1975.483154 119.189064 2390.054443 301.733978 2 113
2637.954590 125.045349 2925.460449 292.969299 2 113
3061.079834 150.822357 3247.621826 291.853638 2 113
1581.556519 54.998642 1735.413086 167.220490 2 113
2510.759277 85.396606 2667.081787 165.510513 2 113
692.983582 233.628494 1324.400513 564.979553 7 113
1587.907349 41.817223 1939.064575 160.489410 7 113
745.805786 1473.094116 2222.532227 2160.000000 67 113
