2100.137695 212.285950 2250.823486 643.535706 0 273
1958.728516 127.100021 2388.609375 292.504456 2 273
2337.006592 163.807861 2822.837646 350.491211 2 273
3054.475342 147.808670 3250.213135 286.708374 2 273
2635.882080 125.018684 2919.626465 297.100952 2 273
1580.297241 57.759014 1733.891846 164.370331 2 273
2359.339355 66.422768 2482.351562 146.049835 2 273
776.454041 215.828918 933.561646 309.796570 2 273
2513.795166 79.508224 2734.388184 168.848175 2 273
690.986938 244.461349 1340.741211 561.219177 7 273
2124.666504 584.086731 2267.570801 658.840881 36 273
687.039429 1466.458618 2123.519043 2160.000000 67 273
747.248169 1460.761353 2216.408203 2160.000000 68 273
