2056.819580 205.831482 2251.032715 612.259460 0 282
2379.390381 175.179047 2801.718994 343.181976 2 282
1978.562988 132.239685 2402.871826 285.113525 2 282
2635.787842 125.585510 2922.266846 288.282959 2 282
3056.431396 147.030243 3246.761230 287.720245 2 282
775.041260 224.007446 928.611084 320.525543 2 282
2898.722412 132.682343 3070.250000 234.489883 2 282
663.399780 223.428833 1348.214600 590.339417 7 282
1582.161743 40.580231 1937.360596 174.030060 7 282
730.850098 1457.428345 2245.592773 2160.000000 67 282
