1369.135864 406.513123 1687.296875 1360.398071 0 387
1971.262817 125.683586 2377.528564 290.474854 2 387
2339.143311 165.043137 2831.749268 347.367188 2 387
3052.816895 144.431870 3257.935303 288.132812 2 387
2634.061035 124.087479 2917.580566 292.928101 2 387
1581.208008 59.435001 1739.011719 166.916763 2 387
775.237488 215.367950 935.658386 312.783936 2 387
675.422852 233.363327 1345.851685 569.072327 7 387
1573.938721 39.057652 1945.322021 170.884659 7 387
759.840698 1498.570068 2204.164795 2160.000000 63 387
727.531067 1487.428589 2104.095947 2160.000000 67 387
