2255.884277 146.895782 2322.626709 317.063232 0 68
1971.638672 124.177773 2390.353760 299.581116 2 68
2341.673096 167.103409 2815.748535 344.725311 2 68
2631.443359 124.732124 2919.782227 292.842163 2 68
3055.055420 146.537460 3245.922119 291.483521 2 68
779.040833 227.944550 923.748840 318.848846 2 68
2896.947754 135.889999 3062.318848 231.312668 2 68
686.897705 237.751678 1342.066162 563.152039 7 68
1572.420288 40.525013 1948.042969 166.534988 7 68
763.592773 1472.119995 2205.137451 2160.000000 67 68
