2182.956787 173.290207 2300.950928 510.196014 0 227
2340.119385 167.594131 2818.761963 345.189484 2 227
1963.752319 127.750961 2397.144531 298.675323 2 227
2636.322266 125.529778 2918.916260 291.948395 2 227
3056.987061 152.400269 3242.267822 288.814758 2 227
771.871460 213.980011 937.372375 314.205292 2 227
2897.645752 120.920097 3067.003174 232.200150 2 227
1583.255127 59.500118 1735.053467 165.867111 2 227
681.121826 237.602570 1340.622437 565.634399 7 227
1575.649902 42.272583 1947.004272 167.915939 7 227
2202.007568 477.448395 2317.978760 531.058472 36 227
763.977722 1473.816528 2213.671143 2160.000000 67 227
