2242.998047 156.169037 2357.562256 415.230072 0 157
1976.104736 121.252205 2383.454346 290.331329 2 157
2377.703613 177.624420 2793.368164 341.985382 2 157
2630.423096 124.388573 2921.203125 291.947021 2 157
3054.732178 145.707886 3254.830322 289.516632 2 157
1582.855835 59.965607 1735.972046 164.809326 2 157
2515.957275 89.025642 2626.988281 167.438721 2 157
777.381226 214.489273 940.732788 313.753265 2 157
681.884338 229.272415 1342.332397 568.784973 7 157
722.152527 1479.754883 2256.161621 2160.000000 63 157
673.332947 1481.965820 2164.034180 2160.000000 73 157
