1839.483521 276.879028 2057.297852 904.879272 0 338
1959.874512 120.884621 2386.038330 295.632904 2 338
2330.467529 168.338455 2826.375488 334.478973 2 338
3060.127686 153.272995 3250.020020 291.575775 2 338
2638.776367 127.170059 2921.731934 292.150360 2 338
1580.103027 55.495602 1737.357422 165.449966 2 338
2510.735840 85.075829 2662.919922 165.449966 2 338
2363.229736 66.110741 2518.628174 145.639572 2 338
693.790710 234.087860 1320.033813 567.570068 7 338
745.239136 1469.378296 2215.652100 2160.000000 67 338
