2256.778320 143.403854 2324.373047 323.729309 0 56
1970.510864 120.602867 2395.355469 299.880280 2 56
2339.495605 166.878540 2816.503174 344.946075 2 56
2635.161377 123.873932 2918.968018 290.681183 2 56
3056.833496 150.151398 3248.643799 287.683960 2 56
1581.570435 60.029121 1733.026855 166.381409 2 56
769.995667 215.725235 934.237610 314.037079 2 56
2892.628662 133.833725 3075.445801 234.095184 2 56
690.510803 237.178787 1345.054199 561.001953 7 56
739.550354 1469.610352 2250.166260 2160.000000 67 56
