2282.641846 131.317749 2351.016602 306.415771 0 16
1985.036255 121.895706 2386.656982 297.091003 2 16
2336.520996 166.816513 2825.044678 349.411804 2 16
2633.001465 125.193550 2917.896240 291.716980 2 16
3055.422363 142.725098 3255.577393 290.134613 2 16
1580.381104 61.931301 1736.703857 164.630798 2 16
674.481140 235.038406 1337.021606 574.615723 7 16
1571.943604 45.197006 1942.272217 171.294006 7 16
741.288940 1465.548218 2224.535400 2160.000000 63 16
675.168335 1476.427368 2148.415283 2160.000000 67 16
