2276.776611 116.335884 2375.199463 318.942017 0 17
2320.950195 165.258057 2828.781006 349.528076 2 17
1971.358643 117.712891 2384.176758 301.891113 2 17
2629.833252 122.102043 2922.064453 297.306030 2 17
3058.237549 142.425156 3253.374756 292.720856 2 17
1577.420288 60.351845 1733.721191 165.790314 2 17
2356.820557 65.127525 2528.611084 147.125809 2 17
686.408691 234.607986 1340.119263 560.208862 7 17
699.847290 1474.010620 2269.218018 2160.000000 63 17
691.872192 1483.517456 2127.997070 2160.000000 67 17
