2102.582764 207.579102 2255.713867 565.987000 0 268
2337.246094 166.468842 2819.514404 352.406708 2 268
1951.104004 135.642700 2393.099121 297.780518 2 268
2638.011230 126.879379 2917.093018 292.404877 2 268
3056.681641 145.656738 3238.358154 291.228546 2 268
1587.481689 60.120731 1736.340942 166.285614 2 268
771.379089 214.763016 933.484497 315.410126 2 268
672.116028 227.765564 1352.246460 581.358459 7 268
1586.664551 37.835194 1935.868530 175.911926 7 268
685.090210 1462.136475 2284.355469 2160.000000 67 268
