2099.553223 214.324371 2253.345459 602.607727 0 272
1960.634888 130.695297 2392.549561 294.359070 2 272
2376.137695 176.129944 2794.236328 341.679016 2 272
2633.206543 124.374496 2918.029541 292.730133 2 272
3056.468750 147.632324 3263.298096 287.539764 2 272
1583.193237 60.127369 1734.588257 165.791229 2 272
2514.766602 91.725876 2624.537109 167.195084 2 272
775.987488 215.117905 941.745544 314.578278 2 272
683.906616 232.722229 1343.480469 564.360107 7 272
733.580811 1472.780640 2239.167236 2160.000000 67 272
