2254.135742 154.281570 2349.062744 377.452118 0 130
1964.918701 126.220085 2390.228271 298.697632 2 130
2340.227295 167.286285 2821.501709 350.908569 2 130
2628.719238 129.257004 2920.162598 292.413574 2 130
3053.561279 142.727386 3242.433594 288.549591 2 130
776.628174 227.526276 922.336670 317.243835 2 130
1583.591309 60.142418 1735.525635 163.913834 2 130
676.930359 216.505386 1341.070557 582.377991 7 130
1586.089966 40.873085 1937.620361 171.644424 7 130
692.419189 1471.196045 2291.894043 2160.000000 67 130
