2193.842529 165.407745 2312.237305 496.485535 0 215
2336.791504 166.134323 2817.726562 333.187164 2 215
1961.730835 126.146271 2384.012695 297.099701 2 215
2637.871826 126.635277 2918.768799 292.568207 2 215
3057.162354 150.009720 3244.314453 293.864685 2 215
1581.096069 59.813286 1736.212036 165.847427 2 215
679.305969 236.024536 1335.033569 564.578430 7 215
1578.613037 42.128559 1945.234863 163.423569 7 215
2215.830322 458.951080 2319.455566 509.872711 36 215
757.215759 1467.837158 2209.569336 2160.000000 67 215
