1360.415283 437.565063 1676.012695 1405.202759 0 389
1964.498657 127.253944 2380.065674 293.894562 2 389
2335.615967 164.101852 2814.916016 349.275482 2 389
2635.592529 125.004608 2918.578369 291.851227 2 389
3057.242676 144.620010 3253.171875 290.764038 2 389
1581.842773 59.627720 1734.222900 164.643738 2 389
777.966614 228.854355 930.490417 317.846344 2 389
2513.337646 90.200607 2627.681885 167.734100 2 389
687.746460 235.241531 1338.481689 563.502930 7 389
733.004822 1496.476685 2242.573730 2160.000000 63 389
