2135.289062 175.593674 2248.212646 560.374207 0 253
2343.963867 168.001770 2817.314941 348.060577 2 253
1965.065552 131.252975 2381.991211 297.990387 2 253
3056.247559 147.534363 3243.995117 289.854462 2 253
2638.588623 126.480209 2920.859863 290.907318 2 253
1583.459229 59.382473 1735.029663 162.163452 2 253
775.408020 227.523758 933.193970 318.371063 2 253
2514.737549 93.117020 2619.851562 169.228241 2 253
687.479919 225.764572 1339.861206 574.739319 7 253
1583.329590 35.716324 1943.799072 169.198135 7 253
715.210632 1473.436401 2266.695801 2160.000000 67 253
