2250.479004 162.430786 2356.296387 373.459839 0 120
1967.846313 123.200905 2381.135010 291.032410 2 120
2378.996094 174.539444 2792.507812 343.127625 2 120
2636.472168 123.884346 2919.457031 294.263275 2 120
3055.142334 146.864990 3251.139648 286.429138 2 120
775.376526 214.409851 936.664673 314.663055 2 120
1582.602295 59.623943 1736.906250 165.659515 2 120
2514.619629 93.359581 2623.524658 167.661545 2 120
688.517456 231.179794 1334.666626 566.229370 7 120
719.302551 1473.956787 2259.132080 2160.000000 67 120
