2250.086426 151.918015 2349.499023 368.312286 0 102
1968.910400 123.592865 2394.812744 295.241638 2 102
2332.416748 166.319031 2821.160156 346.633972 2 102
2637.093506 122.241089 2921.036133 297.815643 2 102
3052.778320 142.846069 3256.053467 289.868988 2 102
1580.983887 57.178856 1735.272461 166.408524 2 102
2515.072510 92.022339 2628.029297 166.434158 2 102
776.773621 214.410202 945.497437 311.957336 2 102
674.866760 232.097504 1340.000977 572.214539 7 102
718.901917 1472.765259 2246.769531 2160.000000 63 102
669.829529 1482.373535 2148.954834 2160.000000 67 102
