2158.004150 172.926971 2291.067383 520.954346 0 236
2339.630371 166.614288 2824.846680 344.802673 2 236
1960.986694 128.301422 2397.011963 292.491852 2 236
2643.270020 124.282372 2917.342285 293.111786 2 236
3054.163086 143.204956 3240.191895 289.438934 2 236
1580.655518 58.488232 1735.581177 165.865738 2 236
2521.491943 69.732399 2728.600586 158.519089 2 236
682.207703 230.231888 1353.603394 558.298279 7 236
2171.374512 488.113159 2311.203125 550.533142 36 236
751.776001 1470.540527 2216.496582 2160.000000 63 236
695.466187 1476.372437 2124.139893 2160.000000 67 236
