1261.455200 521.127502 1666.869873 1484.478760 0 395
1967.426758 120.472633 2378.010010 295.621002 2 395
2331.577148 168.617233 2830.503906 335.503906 2 395
2637.663086 124.654533 2923.600342 292.857025 2 395
3059.449707 151.013474 3252.103027 292.207245 2 395
1580.739746 54.602848 1736.844849 165.575851 2 395
2361.102051 66.620178 2516.727051 145.013580 2 395
2512.172852 83.405792 2665.364258 165.957977 2 395
699.634338 193.257965 1335.204834 513.143188 2 395
692.451965 230.890839 1324.218628 566.280273 7 395
