2234.416504 154.814865 2354.972168 426.064331 0 167
2336.282959 164.851562 2820.030029 345.919525 2 167
1957.046997 122.570450 2388.309326 291.359589 2 167
2634.313721 127.188484 2919.737549 294.275421 2 167
3052.818604 150.483383 3245.294922 294.447083 2 167
1580.011353 58.163792 1735.647095 166.414139 2 167
2349.212158 65.417000 2491.996338 145.633957 2 167
2515.733154 91.221191 2625.429199 168.031189 2 167
685.645813 235.824265 1332.342896 565.667908 7 167
748.675415 1473.158936 2228.447510 2160.000000 67 167
