2253.759033 122.944557 2373.061279 388.410400 0 109
2333.712158 160.712799 2825.622070 352.922028 2 109
1969.803711 120.003883 2384.967285 304.761414 2 109
2633.127197 125.263130 2927.241211 297.232117 2 109
3062.719727 141.811630 3248.737305 287.354156 2 109
1580.802124 53.943611 1734.359131 163.760590 2 109
2513.028809 94.572594 2628.881104 164.892410 2 109
690.510620 224.983505 1338.717896 575.272522 7 109
702.801758 1477.821045 2270.674805 2160.000000 63 109
654.833557 1481.328247 2160.605957 2160.000000 67 109
