2134.162354 161.595825 2274.442139 584.410583 0 248
2335.806885 162.016281 2813.399170 345.360931 2 248
1975.270996 123.079712 2377.899170 299.079071 2 248
2631.974121 127.392075 2927.573242 296.021454 2 248
1577.773926 55.688950 1735.900391 165.833572 2 248
2514.241699 94.207130 2628.198730 163.642487 2 248
3064.753906 145.734558 3249.082520 289.518799 2 248
2358.338867 67.825867 2522.663574 147.712082 2 248
689.167664 234.580063 1322.690063 582.612976 7 248
708.819336 1467.274170 2242.723633 2160.000000 67 248
