2238.166748 159.632370 2343.175781 427.130920 0 169
1962.386108 121.011421 2388.648682 288.026489 2 169
2340.477539 163.412231 2817.689209 350.401581 2 169
2628.690186 126.135742 2920.491455 292.692139 2 169
3053.720215 144.158249 3254.150635 288.400269 2 169
1582.016357 59.999138 1738.594482 166.020462 2 169
779.861023 226.721069 926.075867 318.259827 2 169
678.901123 237.277664 1333.302612 576.650391 7 169
1562.502686 38.287064 1950.978638 166.872696 7 169
737.833130 1467.767822 2208.295898 2160.000000 63 169
714.187683 1484.571045 2118.602539 2160.000000 67 169
