2274.788818 139.912369 2331.740234 314.212982 0 21
2338.222412 167.790512 2816.528076 353.369049 2 21
1973.404175 119.056541 2399.229248 298.901337 2 21
3055.133301 148.448975 3242.358154 288.049957 2 21
2632.914795 130.984955 2919.625488 288.464813 2 21
1584.292358 61.118542 1738.460571 163.684830 2 21
2871.009277 128.261826 3081.778320 241.406128 2 21
669.623413 231.592926 1353.593750 577.149109 7 21
1565.375854 38.238541 1952.657959 169.261765 7 21
680.297302 1480.367310 2299.448486 2160.000000 67 21
