2249.791992 149.166397 2361.478516 389.187897 0 137
2390.019287 173.572067 2789.057861 343.529175 2 137
1970.354126 124.708092 2391.249023 293.732971 2 137
2635.593506 123.592064 2917.697510 293.726776 2 137
3057.912354 150.645325 3255.475098 288.221619 2 137
1583.436890 60.133835 1734.572144 167.047684 2 137
772.113464 214.587128 935.130676 314.676697 2 137
2895.788574 122.206642 3068.729004 231.027588 2 137
1457.672607 90.858070 1622.018433 178.011917 2 137
2516.599121 79.278938 2731.249023 168.472351 2 137
679.371521 237.188858 1340.978394 562.449829 7 137
755.140869 1477.332886 2233.420166 2160.000000 67 137
