2084.049072 201.734375 2249.448242 621.905334 0 277
1970.788330 132.396805 2400.767578 291.035706 2 277
2338.261719 167.670242 2813.686768 342.872864 2 277
2638.077393 125.958015 2916.580322 291.052094 2 277
3056.131592 149.075882 3254.296875 287.928192 2 277
772.533020 215.888550 936.019775 314.310944 2 277
1584.996582 59.617821 1735.742676 165.238480 2 277
2898.695557 135.255081 3066.772217 232.827866 2 277
2507.537354 78.408333 2746.889160 169.878143 2 277
682.805420 233.303024 1337.321411 564.809753 7 277
1578.312378 40.976254 1945.421753 163.984436 7 277
747.962158 1479.414795 2218.199463 2160.000000 67 277
