948.891907 836.399170 1406.248413 1581.380249 0 410
1961.505127 129.198303 2385.234131 292.490143 2 410
2338.380859 166.489777 2820.173828 341.387299 2 410
2633.056641 124.912712 2919.225830 291.936951 2 410
3055.441162 148.258087 3245.709717 288.736603 2 410
774.876953 226.115555 927.433105 319.543518 2 410
1581.780029 60.111061 1737.009888 165.773270 2 410
2508.739746 77.929108 2740.190674 171.388428 2 410
677.096191 236.032776 1333.713745 575.692017 7 410
1570.575806 39.350449 1950.553589 171.017868 7 410
