2236.144043 177.086212 2355.998535 451.773010 0 178
2380.522461 175.221741 2794.427002 339.139130 2 178
1959.952637 122.071030 2395.066895 297.673065 2 178
3053.320557 151.041168 3254.996582 289.317627 2 178
2640.772949 126.430885 2922.198730 293.007172 2 178
1581.683960 56.149574 1737.644897 166.774628 2 178
2510.108154 84.785095 2666.346924 164.672348 2 178
2363.371826 66.408920 2519.232666 146.139679 2 178
697.309326 233.556961 1319.245972 565.957458 7 178
1590.026855 43.693882 1936.608032 162.860519 7 178
760.431641 1470.066772 2208.464600 2160.000000 67 178
