2043.513672 211.059479 2223.911377 710.436157 0 291
2383.368896 175.111298 2793.665283 343.465790 2 291
1974.502808 122.177803 2398.506348 289.043884 2 291
2630.232910 125.585625 2932.028809 294.835022 2 291
1578.919067 55.003391 1734.438721 163.501953 2 291
3066.470703 147.200424 3244.451172 289.203522 2 291
2516.059326 94.840103 2625.327393 162.823547 2 291
2358.805908 66.036354 2523.072510 149.030792 2 291
689.242371 234.065079 1326.300537 579.169189 7 291
718.864685 1471.015747 2235.011719 2160.000000 63 291
685.536682 1480.254272 2149.290039 2160.000000 67 291
649.122559 1409.052124 2321.979980 2151.455566 73 291
