2210.936523 144.256668 2323.373535 436.961029 0 190
1961.899658 125.576927 2387.465576 293.672546 2 190
2341.819336 164.945053 2822.203857 347.340973 2 190
2630.961670 125.335915 2919.678223 291.470490 2 190
3056.927734 151.074127 3254.291260 287.774261 2 190
771.720764 214.382843 933.326721 314.661224 2 190
1582.619141 59.438034 1738.220337 166.245560 2 190
2899.159668 133.117325 3070.751221 234.270508 2 190
2506.040527 76.819778 2746.448975 171.315063 2 190
679.494080 238.842987 1343.133057 566.068909 7 190
749.603516 1476.762451 2214.437500 2160.000000 67 190
