902.148682 1057.206909 1314.622559 1609.044678 0 420
1969.880981 121.863663 2377.355225 295.891449 2 420
2332.554199 169.518799 2828.443604 333.938110 2 420
2635.643555 125.908806 2925.101318 292.589233 2 420
3058.846924 149.308426 3252.035156 291.370575 2 420
1580.511719 55.218998 1735.887451 166.993774 2 420
2362.088623 67.428474 2518.482666 144.873505 2 420
2512.637207 82.527634 2666.401855 165.684235 2 420
699.107422 234.263748 1320.476929 563.189392 7 420
808.709412 1494.384277 2187.535645 2155.445312 28 420
