2247.354492 156.520599 2355.060303 408.977020 0 150
1967.172729 120.640404 2389.398682 293.307922 2 150
2341.600830 165.857605 2812.687744 347.476715 2 150
2632.896729 124.504387 2918.976562 292.732513 2 150
3058.084473 150.376038 3247.195068 291.514893 2 150
773.642822 214.581284 938.355591 312.759216 2 150
2517.410645 68.194138 2731.689941 160.612671 2 150
684.747253 236.380219 1341.057129 564.133484 7 150
1580.871460 39.296776 1943.122437 167.299911 7 150
770.851868 1472.342773 2191.597412 2160.000000 67 150
