2252.704346 157.515091 2353.136719 371.382050 0 120
2339.991455 166.174042 2825.604980 349.030945 2 120
1963.175049 124.041016 2392.472656 298.573700 2 120
2628.706787 130.859985 2920.300537 290.340485 2 120
3054.107910 144.093704 3250.471191 289.733948 2 120
2880.494629 127.938072 3091.236816 241.743607 2 120
1569.972534 48.251835 1879.086548 170.155670 2 120
769.937744 231.499435 888.587891 317.292358 2 120
688.213684 223.669495 1342.694336 572.275757 7 120
1573.451172 42.672897 1938.523071 169.168274 7 120
703.133362 1478.364624 2282.015625 2160.000000 67 120
