2203.453613 170.580811 2321.075928 485.289886 0 209
2334.017090 162.501511 2816.178223 344.254272 2 209
1958.964233 128.155975 2398.848145 295.102142 2 209
2629.855957 123.808014 2921.644775 295.931488 2 209
1579.432495 60.476357 1733.032715 164.378342 2 209
3060.452393 142.235641 3253.017578 292.858643 2 209
2514.466797 96.367027 2621.201416 168.378738 2 209
688.849609 225.196823 1342.171265 573.576965 7 209
710.007751 1474.423462 2261.566895 2160.000000 63 209
660.322876 1485.291992 2163.563232 2160.000000 73 209
