2255.407227 149.409363 2351.944092 385.342133 0 138
2386.012451 177.055649 2792.880615 342.653473 2 138
1962.822510 124.306290 2395.857422 293.904510 2 138
3056.469971 148.124756 3252.999023 288.341888 2 138
2628.907471 125.548546 2921.470215 288.462982 2 138
776.909424 226.133179 926.172852 319.266113 2 138
1580.861938 59.819065 1738.970093 165.298340 2 138
2896.552246 136.054459 3067.750977 232.738480 2 138
678.354248 230.830521 1337.382568 576.507996 7 138
2281.287354 366.775238 2360.067627 398.284241 36 138
767.652405 1473.173096 2224.580322 2160.000000 67 138
