2232.215820 157.426285 2346.836670 433.859222 0 177
1957.243530 124.672729 2389.364746 292.540375 2 177
2337.574707 165.491287 2819.440430 351.201660 2 177
2635.911621 126.349976 2920.805908 289.674316 2 177
3056.467285 146.709579 3250.870361 290.229492 2 177
1581.871582 59.177052 1733.192017 164.459259 2 177
771.014954 215.002884 931.301941 314.255646 2 177
2900.424561 135.114899 3066.977295 231.258987 2 177
686.882141 229.032654 1344.537476 560.534119 7 177
765.991699 1474.824341 2224.285889 2160.000000 67 177
