2245.717773 138.052597 2368.012939 411.433167 0 153
2386.643555 173.698181 2792.560303 338.785828 2 153
1970.983154 117.964317 2394.782471 297.840698 2 153
3057.866211 153.367874 3251.751465 289.839569 2 153
2635.991943 126.265518 2923.452393 292.000671 2 153
1580.379761 55.482670 1736.927002 167.497772 2 153
2365.378418 66.566734 2517.172607 145.542175 2 153
701.215149 199.653381 1334.354004 506.664703 2 153
2511.663086 81.779816 2669.672607 166.402695 2 153
690.317444 233.049881 1324.661133 560.135986 7 153
1590.653198 42.884613 1938.726074 161.443054 7 153
743.602966 1468.307983 2229.231201 2160.000000 67 153
