2203.614502 152.097229 2327.522949 465.040253 0 205
1957.279541 123.759148 2390.726807 291.372070 2 205
2335.578613 163.848373 2822.250488 348.833649 2 205
2640.359375 124.693672 2918.294189 295.930695 2 205
3054.193604 145.359070 3259.883301 287.436310 2 205
2510.516846 79.937263 2737.734619 167.779755 2 205
775.614685 213.519165 938.898560 312.990051 2 205
1581.936646 55.419384 1737.227417 165.155975 2 205
682.084412 237.678665 1340.449951 579.512512 7 205
723.192017 1461.805908 2270.213623 2160.000000 68 205
