1974.219482 226.935638 2182.651611 758.042847 0 311
1975.585693 129.772568 2380.686279 285.064758 2 311
2342.818848 168.560242 2813.927979 345.324066 2 311
3058.189209 149.422867 3242.478271 288.897949 2 311
2637.157959 125.706245 2920.565918 291.256927 2 311
776.004700 225.388748 926.789307 319.772064 2 311
2890.410889 119.247658 3068.801270 232.857498 2 311
1581.085083 60.552803 1738.595825 165.807709 2 311
2509.127930 78.155533 2736.367432 171.134140 2 311
679.177979 231.864380 1344.154053 570.975708 7 311
1566.235474 40.334927 1955.236450 171.062500 7 311
751.094604 1475.675049 2231.560303 2160.000000 67 311
