2234.479980 139.703629 2353.737549 447.004028 0 175
2380.967773 175.110382 2795.575928 339.980377 2 175
1963.597534 118.913551 2388.350586 295.588409 2 175
3053.250977 151.882202 3253.277344 290.159546 2 175
2637.686035 126.213791 2923.112305 293.609955 2 175
2509.798340 84.771477 2669.872314 165.192596 2 175
1581.700317 56.072498 1736.650391 167.230103 2 175
2362.736084 67.200333 2521.570801 145.064621 2 175
711.040894 200.145477 1327.332153 507.585510 2 175
700.103943 234.694962 1318.997192 562.039917 7 175
1590.151855 45.362316 1938.053589 163.246414 7 175
731.220581 1470.687500 2237.393799 2160.000000 67 175
