2146.797852 184.471191 2276.793945 518.243164 0 238
2375.692627 176.818069 2795.510010 341.048553 2 238
1970.446655 128.358078 2383.323242 299.214233 2 238
2633.508057 124.072258 2918.972656 294.667480 2 238
3055.459961 147.218735 3260.472168 286.602722 2 238
775.246948 215.005173 944.462952 314.168457 2 238
2516.457764 91.120941 2624.964111 168.750565 2 238
684.594177 230.188049 1344.289062 561.696838 7 238
1582.501587 39.621044 1943.140137 168.066208 7 238
2166.713623 492.893921 2295.688965 559.010803 36 238
731.691956 1469.639160 2235.734375 2160.000000 67 238
