1318.274658 473.907928 1670.438843 1423.228149 0 392
1965.698242 129.152527 2381.058350 293.353943 2 392
2341.117676 168.305618 2816.688965 343.340942 2 392
3057.651855 149.172119 3249.939941 289.108185 2 392
2637.254639 127.287361 2918.798584 292.075195 2 392
777.641052 225.680573 924.411072 319.188629 2 392
1580.312988 60.244099 1739.635498 166.357483 2 392
2894.526611 133.136215 3068.749512 235.132584 2 392
683.573853 232.817444 1332.070190 572.227478 7 392
1570.896729 40.134712 1948.067261 169.425873 7 392
754.737488 1486.442139 2243.832031 2160.000000 63 392
