939.675903 827.506226 1412.289917 1591.842407 0 410
1967.234741 130.473404 2379.185303 292.242035 2 410
2338.699951 169.147781 2824.026855 345.748413 2 410
2629.194824 127.486832 2921.157959 291.614319 2 410
3054.842773 145.565414 3246.757812 291.327209 2 410
776.978333 226.524231 925.576843 320.569244 2 410
2511.392090 76.787735 2733.108154 171.185638 2 410
2890.121826 134.199936 3075.826660 233.362762 2 410
1581.463379 62.100216 1737.745483 165.850967 2 410
669.491943 221.425766 1349.215820 590.390564 7 410
1572.746948 38.857151 1948.435669 173.725876 7 410
741.760986 1490.569092 2245.800537 2160.000000 63 410
