2060.364746 205.451187 2248.245850 613.658936 0 282
1977.442383 129.370758 2401.980957 287.852417 2 282
2342.131104 166.547226 2812.211914 350.705322 2 282
3057.351807 146.837753 3240.449463 289.451294 2 282
2635.937500 125.662529 2923.553467 292.264923 2 282
775.674072 223.559174 922.535889 321.492218 2 282
2894.465820 118.839676 3070.387207 233.006393 2 282
677.214722 234.642899 1341.213013 566.976990 7 282
1580.727905 40.196339 1948.371460 173.955566 7 282
735.599426 1480.030029 2241.617188 2160.000000 67 282
