2251.973877 91.293404 2373.592285 359.744537 0 94
2330.123047 161.214737 2826.695801 353.090729 2 94
1969.360107 117.353951 2389.822754 304.939606 2 94
2632.084717 124.360420 2927.243896 296.453461 2 94
1581.268921 54.247337 1734.986816 163.956970 2 94
3064.968750 149.380981 3250.895020 288.785126 2 94
2513.340820 89.419319 2662.458740 164.946426 2 94
684.394653 227.987122 1335.801758 567.188599 7 94
704.880371 1480.677246 2258.145752 2160.000000 63 94
664.842102 1488.215698 2166.567383 2153.269287 67 94
