2254.428711 143.707352 2356.779297 371.751465 0 111
1972.465332 121.109268 2389.973633 294.958069 2 111
2347.855225 172.562012 2805.661133 337.293304 2 111
2634.865234 125.976669 2923.834473 289.692627 2 111
3052.248779 143.322601 3250.129395 288.932404 2 111
1580.642700 58.469006 1735.819702 166.826355 2 111
776.696289 215.319885 942.021973 312.889923 2 111
2516.712646 95.182678 2622.651611 166.581680 2 111
682.207642 229.377014 1339.643433 570.960938 7 111
719.578735 1470.696655 2257.552490 2160.000000 63 111
659.275391 1484.369629 2139.109619 2160.000000 67 111
