2212.012695 146.023636 2323.558594 439.921844 0 188
1958.198486 123.552124 2386.662842 292.959015 2 188
2340.861084 164.309570 2824.384521 348.850128 2 188
3054.877197 146.665298 3256.176514 288.777344 2 188
2637.809570 123.656380 2917.815674 294.762695 2 188
770.427917 216.894714 947.402649 312.582642 2 188
2512.636475 77.448746 2735.557861 169.299072 2 188
1581.088989 60.202671 1737.256470 164.976990 2 188
2352.502197 67.489128 2485.341797 144.565994 2 188
688.059448 233.687195 1345.937012 560.595886 7 188
761.627930 1472.457397 2195.878906 2160.000000 67 188
