1449.137207 391.452698 1837.703003 1253.476562 0 377
1967.541382 128.644058 2379.109375 290.907776 2 377
2339.417480 167.690491 2815.715820 343.131622 2 377
2630.251709 125.753853 2918.718994 291.746735 2 377
3057.100342 149.124283 3248.495850 287.372589 2 377
2896.799316 133.480331 3071.729980 233.025391 2 377
772.874756 215.672592 938.007629 314.185150 2 377
1581.880371 57.899204 1734.567139 167.749664 2 377
684.008545 235.382980 1337.528809 566.362366 7 377
739.524719 1495.406494 2227.397461 2160.000000 67 377
