1179.766235 544.259338 1630.055054 1495.890137 0 397
1969.635010 120.878670 2375.108398 295.903229 2 397
2331.395020 169.385712 2830.627441 337.375580 2 397
2637.853027 125.022461 2925.997314 293.875000 2 397
3060.980713 149.160110 3260.715332 292.158386 2 397
1578.606323 54.782234 1738.531250 166.698410 2 397
2511.467529 84.109894 2669.568115 165.503296 2 397
2360.865234 66.742058 2519.134766 145.496521 2 397
686.351440 241.668884 1322.805298 561.218811 7 397
762.966858 1486.005371 2233.700439 2160.000000 67 397
