2239.289551 158.624832 2354.487061 423.870728 0 165
2381.216064 176.374725 2794.485840 343.139160 2 165
1958.682495 122.405769 2389.841309 295.117249 2 165
2637.682373 126.815407 2918.889893 289.493408 2 165
3055.976318 151.038422 3245.694580 290.414185 2 165
1584.883789 59.490391 1735.397705 166.171295 2 165
2898.146973 134.269638 3070.352539 232.963928 2 165
772.690552 214.955505 933.841797 314.190430 2 165
682.217773 239.530441 1344.999146 559.956055 7 165
741.980042 1478.817627 2231.343262 2160.000000 67 165
