2211.842285 146.280319 2324.478760 441.459595 0 198
1954.571167 125.811874 2387.189453 294.280121 2 198
2381.812744 175.738785 2793.286865 342.294250 2 198
2632.729980 124.310753 2918.246582 290.564331 2 198
3057.637451 149.448959 3249.584717 288.339935 2 198
773.878540 225.913681 927.862854 319.228119 2 198
2899.879150 134.201538 3071.791016 233.113968 2 198
1583.103760 59.358383 1737.662109 165.965637 2 198
676.685547 238.037552 1344.090332 566.597168 7 198
1567.622803 39.572521 1951.563110 166.297058 7 198
752.240540 1470.990723 2221.463623 2160.000000 67 198
