2275.646240 134.800293 2331.619873 311.496368 0 24
1974.476074 116.871239 2388.461426 301.780212 2 24
2338.744385 164.102081 2825.555420 350.520599 2 24
2642.637939 125.678665 2916.941895 296.731903 2 24
3054.250000 137.664749 3242.965820 289.439484 2 24
2355.584961 64.603554 2484.048828 148.089050 2 24
2534.169189 66.861816 2718.308350 156.793549 2 24
2516.131836 95.030586 2627.589844 167.455429 2 24
678.469910 241.463806 1340.454346 564.289490 7 24
715.406311 1474.355713 2250.345459 2160.000000 67 24
