1096.268921 570.862854 1518.249023 1541.605347 0 400
1963.739502 128.047592 2378.780029 294.048035 2 400
2330.242432 165.264694 2819.269043 345.235626 2 400
2638.287354 126.308777 2922.646484 294.585663 2 400
1576.386230 60.681149 1735.333008 164.291367 2 400
3058.291992 144.282867 3254.391113 293.549072 2 400
2360.404053 69.198700 2531.955078 147.535156 2 400
2512.496826 97.886292 2620.786377 166.267761 2 400
683.255615 233.280014 1332.735962 567.969360 7 400
698.914917 1502.942627 2281.776855 2152.410400 63 400
