1175.302368 546.214600 1632.169922 1492.425049 0 397
1966.676636 121.299583 2378.943115 296.569946 2 397
2333.149902 169.461243 2831.141357 333.730652 2 397
2635.259033 124.984238 2925.438232 294.117157 2 397
3058.644775 148.244461 3250.990234 291.086884 2 397
1579.331299 54.324528 1736.123291 166.748184 2 397
701.463379 195.352463 1334.012207 509.979370 2 397
2363.915039 66.820107 2518.632812 145.828964 2 397
690.458984 236.465942 1325.932251 561.554138 7 397
764.458313 1475.385742 2206.177246 2160.000000 67 397
