2184.088379 175.197357 2302.602783 507.598999 0 226
2339.864014 165.771545 2827.688477 348.783386 2 226
1961.263428 129.438736 2394.456543 303.086334 2 226
3054.417480 148.397125 3239.602051 287.294067 2 226
2629.766357 129.073563 2924.043457 289.183044 2 226
771.756958 223.770554 927.529785 320.975525 2 226
2899.492676 132.735901 3069.747314 234.554886 2 226
1585.218140 60.070091 1737.846313 163.365082 2 226
679.585754 221.463760 1350.840332 575.349854 7 226
2200.612061 476.557709 2322.062988 530.459167 36 226
683.933105 1488.515503 2298.817627 2158.987305 67 226
