2043.257324 213.805374 2216.506348 682.828186 0 292
2342.761963 167.173904 2814.795898 345.225647 2 292
1981.041260 130.685455 2393.096680 286.232849 2 292
2636.636475 125.410759 2921.632812 292.101501 2 292
3057.802002 149.326050 3243.282227 290.427124 2 292
1582.131226 60.124336 1733.651001 164.577927 2 292
2895.777100 121.809074 3068.254639 231.047958 2 292
772.722168 213.451416 929.641602 314.906036 2 292
718.753845 204.366058 1338.565552 504.695862 2 292
689.232239 231.272720 1341.139648 558.248718 7 292
755.404175 1466.931030 2231.179443 2160.000000 67 292
