2241.774902 151.369278 2359.178223 421.818115 0 158
2334.835938 166.026413 2822.376221 353.679993 2 158
1962.698486 123.128235 2402.145264 292.581818 2 158
2632.061279 123.401863 2921.552002 295.515259 2 158
3056.278076 141.982498 3252.757568 292.956146 2 158
1577.533569 60.571114 1733.776733 165.574020 2 158
2359.815430 66.698166 2534.986816 147.438004 2 158
685.202271 234.893402 1330.676636 576.321228 7 158
706.679138 1480.652344 2258.086182 2160.000000 63 158
687.803833 1482.676758 2143.860107 2160.000000 67 158
