1512.983765 344.103333 1831.974854 1179.666016 0 371
1962.035400 131.687164 2386.485352 290.981812 2 371
2344.408936 163.852829 2817.793945 344.319519 2 371
2632.712646 125.338318 2918.562256 289.189789 2 371
3057.849609 148.222153 3248.218018 288.423950 2 371
1580.768066 59.096714 1735.523315 168.187744 2 371
2904.030273 121.049416 3070.526123 231.328339 2 371
770.561829 215.680954 935.848083 313.251434 2 371
681.945251 231.347687 1346.058960 561.382019 7 371
738.889221 1475.049072 2252.399414 2160.000000 67 371
