2189.885986 168.221497 2301.018066 501.489685 0 223
2382.313232 174.667496 2796.790283 341.084961 2 223
1962.046875 129.965515 2411.360596 299.742706 2 223
2634.746582 127.950775 2917.333740 292.310577 2 223
3053.784668 146.976685 3247.237305 286.652740 2 223
772.574341 231.681046 889.456177 319.365204 2 223
2506.740723 75.990654 2745.882812 171.672241 2 223
1584.403198 60.930744 1738.609619 164.421143 2 223
671.006775 219.715683 1353.177368 588.299438 7 223
1577.554688 49.505650 1852.658569 172.465775 7 223
2205.014648 475.715424 2314.788330 520.595276 36 223
719.015930 1477.868408 2257.477539 2160.000000 67 223
