1421.395508 427.797302 1811.835571 1328.937744 0 379
1964.851807 132.509766 2384.633545 290.789093 2 379
2340.749023 168.864197 2822.174072 344.826477 2 379
2634.090088 126.831200 2919.400391 290.936951 2 379
3053.715820 149.106659 3247.561279 289.358826 2 379
1584.139648 57.640797 1733.759033 166.779770 2 379
772.210083 213.970291 937.414490 313.828674 2 379
2897.802246 135.829803 3069.686523 231.940948 2 379
685.898315 228.526489 1348.386963 564.733032 7 379
749.893066 1489.914917 2252.580566 2160.000000 67 379
