899.565002 975.633484 1362.072021 1618.207275 0 416
1957.146973 131.792328 2387.299316 296.718170 2 416
2341.626465 167.470993 2824.440430 351.183899 2 416
2634.301514 127.495644 2917.487061 291.069244 2 416
3054.269531 144.486008 3235.744385 288.703979 2 416
775.560486 225.278763 923.780518 320.964172 2 416
2509.145020 76.118828 2733.963135 171.788284 2 416
2894.637695 133.985016 3073.252930 234.032013 2 416
664.826843 227.045273 1352.197388 573.851624 7 416
1580.366577 42.177425 1940.720093 175.375198 7 416
