2026.472778 232.240555 2199.871826 672.759583 0 299
1977.039551 127.125084 2386.323242 284.726715 2 299
2342.311035 165.007996 2816.665527 342.395996 2 299
2637.307861 125.023949 2919.130615 292.548981 2 299
3056.935791 146.355164 3256.697021 290.459167 2 299
1582.660278 59.762760 1734.808105 166.188919 2 299
774.833313 216.703369 932.684753 313.908569 2 299
669.341675 234.639694 1337.477173 581.189453 7 299
1577.383911 41.408611 1946.774902 164.448959 7 299
757.906555 1466.397339 2205.940674 2160.000000 67 299
