2052.535400 196.425232 2253.155518 661.755737 0 281
2379.460449 174.528458 2798.188721 344.887726 2 281
1971.012207 121.515648 2399.312256 288.779297 2 281
2629.191895 124.426109 2931.345703 295.963867 2 281
1578.218384 55.195766 1734.875366 163.703949 2 281
3064.759277 146.274033 3247.016357 291.616272 2 281
2516.741211 94.653564 2625.142578 163.242981 2 281
685.035400 229.262909 1323.245117 586.943176 7 281
709.715698 1468.600098 2242.233154 2160.000000 63 281
681.118469 1479.311523 2151.628418 2160.000000 67 281
636.814819 1401.178101 2339.766846 2157.885254 73 281
