2076.909668 195.097382 2258.701172 631.536133 0 279
1983.351196 128.371582 2391.646240 286.549988 2 279
2347.272949 172.344467 2807.027588 337.417694 2 279
2638.686523 126.570389 2919.196777 290.937286 2 279
3055.319092 143.126221 3260.533447 290.933289 2 279
1581.937012 58.238350 1735.046387 167.978195 2 279
2514.026611 94.262573 2626.120850 166.694748 2 279
690.948792 229.027161 1341.948486 564.326660 7 279
2106.245361 606.120178 2285.455811 685.625488 36 279
720.727783 1480.489746 2255.755615 2160.000000 63 279
667.837463 1477.570435 2145.791260 2160.000000 67 279
