2276.755615 121.688911 2375.093018 321.216187 0 20
2325.823730 166.508667 2828.751953 350.715973 2 20
1974.907104 122.128708 2321.541748 298.525635 2 20
2629.922363 123.979103 2920.668213 296.538605 2 20
3059.655273 141.255569 3261.074219 292.212280 2 20
1576.878174 60.617805 1735.446289 165.627930 2 20
2362.416992 66.255623 2529.975342 147.021774 2 20
681.462097 228.511841 1329.794067 583.687683 7 20
713.741028 1468.720703 2260.423584 2160.000000 63 20
688.583313 1477.614380 2136.377930 2160.000000 67 20
