1606.490234 378.471313 1891.890381 1098.668457 0 364
1967.636353 129.955444 2379.991699 290.014557 2 364
2341.891113 166.986450 2815.791016 340.059326 2 364
2631.441406 126.929276 2919.755859 289.158417 2 364
3057.762939 149.934982 3244.893066 288.790741 2 364
1582.390625 59.525066 1735.885132 166.515076 2 364
773.557434 214.649261 936.241638 314.075989 2 364
2895.544189 132.980804 3067.282959 233.327164 2 364
2527.127930 65.909042 2726.845703 161.845657 2 364
681.196594 232.344116 1335.926514 569.596680 7 364
751.301453 1476.578491 2228.149414 2160.000000 67 364
