2250.314697 134.858887 2363.367188 376.116821 0 108
2326.856689 165.122787 2824.525879 346.904846 2 108
1970.204956 125.109322 2398.337891 300.305756 2 108
2632.169922 122.797157 2919.357910 295.640228 2 108
1577.282349 61.269146 1734.553467 166.476166 2 108
2515.054199 95.595070 2623.363281 166.354965 2 108
3071.038818 124.352180 3363.721436 301.060150 2 108
688.449036 233.731720 1334.885986 566.115051 7 108
703.895630 1473.614014 2270.171875 2160.000000 63 108
679.044067 1473.982422 2154.561523 2160.000000 67 108
