2250.340576 146.508163 2351.594238 366.185730 0 111
1965.013672 123.259727 2394.285156 299.032043 2 111
2380.030029 176.206955 2793.041748 341.930450 2 111
2634.208984 124.734528 2918.502686 294.633728 2 111
3055.303223 147.360748 3249.951660 288.608765 2 111
771.928467 214.296906 938.867981 314.375946 2 111
1582.912598 60.591198 1739.921387 165.848450 2 111
2899.143555 133.733932 3069.768555 234.394333 2 111
684.058228 236.166214 1336.177979 569.359131 7 111
751.490845 1478.177612 2219.593994 2160.000000 67 111
