2188.278076 167.623428 2299.990723 484.466614 0 222
1963.181396 128.136063 2391.756348 294.982666 2 222
2340.875244 165.656418 2822.212402 347.830109 2 222
3055.636475 145.993988 3247.481934 288.801147 2 222
2632.182617 125.233833 2920.282959 289.397491 2 222
1581.278687 58.908287 1735.640747 166.126205 2 222
777.988037 227.010025 931.261353 318.665741 2 222
675.063599 231.246170 1331.106445 579.774841 7 222
2206.044678 468.237518 2318.771240 516.484436 36 222
740.411804 1479.640381 2212.047119 2160.000000 73 222
