2206.470947 156.459839 2324.016846 469.324585 0 205
1965.616943 124.938347 2387.270752 292.220764 2 205
2370.375488 177.262100 2800.724609 340.942596 2 205
2629.078857 124.399101 2921.246338 293.570923 2 205
3055.171631 149.239410 3267.145020 286.297302 2 205
774.748291 216.220535 946.386047 312.306274 2 205
689.017212 227.017349 1344.728516 571.896484 7 205
1579.895996 38.426739 1946.149170 169.846558 7 205
737.394714 1473.180420 2222.630859 2160.000000 63 205
694.976624 1480.904297 2143.251221 2160.000000 67 205
