2046.012207 214.060806 2230.214355 680.599121 0 291
1983.898193 130.650558 2388.301758 288.093323 2 291
2338.588379 165.351898 2812.864502 344.039703 2 291
2634.155518 125.636780 2917.905518 292.371704 2 291
3051.079590 145.672409 3263.101562 288.758575 2 291
1581.430420 60.310589 1735.385254 164.763672 2 291
2514.551758 93.584740 2625.240967 167.255157 2 291
777.133972 214.969696 938.269043 313.635620 2 291
685.981934 230.713791 1343.515259 562.897522 7 291
735.807861 1472.841309 2246.699463 2160.000000 67 291
