2290.799316 125.330536 2358.887939 308.399139 0 5
1974.887817 121.049988 2383.441406 298.325378 2 5
2338.319092 165.992416 2822.970459 348.427246 2 5
2639.812744 125.437309 2920.066162 292.391724 2 5
3056.267090 142.943344 3238.145264 289.765533 2 5
773.552246 218.044037 929.308289 312.707031 2 5
1581.033081 59.650379 1738.151855 166.129517 2 5
675.120483 235.634064 1336.722656 574.439819 7 5
1570.412720 37.134472 1952.672607 164.199814 7 5
714.770081 1479.671509 2117.049072 2160.000000 67 5
753.526001 1467.100220 2195.097900 2160.000000 73 5
