2251.244141 151.753342 2349.080078 362.494232 0 100
1965.417114 124.467995 2398.134277 297.277435 2 100
2339.228760 164.629776 2824.533203 354.828979 2 100
2641.869141 124.575569 2913.538574 295.303314 2 100
3050.328125 143.511429 3263.429443 287.316284 2 100
1580.841431 58.231712 1732.475830 163.949417 2 100
773.438904 213.303665 938.249146 314.483154 2 100
668.896423 252.633804 1340.692627 567.556885 7 100
723.856812 1475.021118 2252.303223 2160.000000 63 100
674.038940 1486.615845 2126.317383 2158.604736 67 100
