1835.518188 294.629150 2062.605225 883.959778 0 338
1966.114990 126.114342 2377.948975 289.464569 2 338
2336.255127 163.015930 2812.461182 344.109283 2 338
2634.826904 124.900696 2918.828125 292.531921 2 338
3058.209961 145.793488 3263.900146 292.366425 2 338
2516.048096 85.279190 2669.598389 168.340866 2 338
676.525269 237.715408 1338.477539 584.795471 7 338
1584.748169 41.257835 1944.805664 170.548431 7 338
714.644348 1475.666626 2241.821045 2160.000000 63 338
690.250305 1486.780884 2140.122070 2160.000000 67 338
