2269.565430 138.568268 2333.006836 320.192383 0 28
1976.445557 119.584518 2392.196045 299.349854 2 28
2338.352051 166.098053 2819.937012 351.518188 2 28
2630.556885 125.244362 2920.192139 292.129883 2 28
3056.894775 143.713074 3233.515625 290.585388 2 28
774.913269 225.337936 927.760437 319.637238 2 28
1583.574219 60.340115 1736.635498 165.936920 2 28
665.742004 228.286041 1353.279785 580.282471 7 28
1569.511230 39.683357 1950.097168 172.363464 7 28
700.858093 1465.222412 2298.017334 2160.000000 67 28
