2252.617920 147.003586 2359.442383 382.395508 0 126
1964.543091 122.349579 2395.177246 295.400940 2 126
2338.471924 166.063950 2832.365967 348.385254 2 126
2632.983398 125.079109 2917.705078 294.404053 2 126
3053.112549 143.691101 3260.026367 290.253510 2 126
773.092590 214.819214 944.704651 313.721100 2 126
1579.195801 59.656731 1734.919678 165.839523 2 126
2361.664795 67.823692 2482.382568 146.790604 2 126
685.851746 237.703278 1347.655762 558.320679 7 126
746.151062 1473.117065 2226.926514 2160.000000 63 126
706.765015 1475.039673 2097.506104 2160.000000 67 126
