2049.233887 211.699661 2247.073975 684.355042 0 287
2330.858887 165.079178 2815.865234 336.794556 2 287
1977.640991 128.182983 2401.030273 285.473083 2 287
2631.291260 123.504517 2921.006104 295.838348 2 287
1579.410889 60.385891 1735.444702 164.672577 2 287
3058.249023 142.214233 3253.385986 290.508362 2 287
682.283447 230.120300 1326.645996 576.094849 7 287
2083.940674 633.625427 2271.208008 713.954712 36 287
714.664856 1488.286255 2247.613037 2160.000000 63 287
680.865479 1494.067749 2153.079346 2160.000000 67 287
