2001.086548 218.251526 2179.716064 771.064270 0 305
1980.318481 126.224434 2376.216309 279.745789 2 305
2330.334717 165.598511 2820.169189 342.524170 2 305
2631.262939 125.310509 2921.737793 294.597900 2 305
1577.931885 60.915981 1734.533936 163.308548 2 305
3057.416260 141.732208 3255.572510 290.966827 2 305
2513.396973 95.415794 2623.205322 167.673782 2 305
677.942383 229.633362 1341.868042 574.347900 7 305
2024.169800 674.723267 2207.515625 819.379517 36 305
684.260437 1470.803955 2283.635254 2160.000000 67 305
