2211.569580 184.269089 2320.291016 450.356812 0 195
1958.859497 125.851357 2387.869629 290.890503 2 195
2339.589844 165.693954 2819.511230 351.213196 2 195
2628.325928 125.469238 2921.755127 291.796051 2 195
3055.799805 141.923218 3262.911377 288.938599 2 195
1580.109131 58.585335 1736.030518 167.025360 2 195
2517.281250 94.689896 2625.932861 165.679657 2 195
677.436401 239.641785 1340.090454 580.769531 7 195
731.548279 1471.509888 2242.885742 2160.000000 63 195
667.603943 1480.683716 2150.161621 2160.000000 67 195
