923.555420 873.662048 1402.031250 1574.857056 0 411
1973.301025 125.782806 2374.002197 292.096802 2 411
2336.590576 167.102722 2826.210449 345.094971 2 411
2635.880371 124.330666 2916.052979 293.366760 2 411
3048.771240 143.796494 3265.947510 287.406097 2 411
1581.808960 59.211784 1737.856445 165.470688 2 411
2359.909668 64.399681 2482.866699 144.776794 2 411
775.504333 212.817871 934.430847 312.780853 2 411
2517.908203 77.815125 2733.983643 169.190704 2 411
686.646423 238.389343 1342.661499 552.766296 7 411
