893.807007 871.885010 1387.732544 1600.802734 0 412
1964.856567 117.814461 2380.081543 298.718811 2 412
2329.363525 163.231537 2817.500732 346.222565 2 412
2632.688232 126.407082 2927.552979 296.623749 2 412
3066.616699 146.987335 3258.678223 289.008270 2 412
1577.152954 54.613091 1734.717529 163.862213 2 412
2514.691650 94.659454 2627.456299 164.229233 2 412
2364.799072 67.539307 2521.313477 147.024063 2 412
680.480530 232.611572 1325.892700 576.015564 7 412
748.146484 1506.164185 2226.320312 2148.401123 63 412
