1485.802856 374.945953 1844.836060 1186.812866 0 374
1965.887939 129.462891 2379.400879 293.165344 2 374
2339.615479 168.677322 2823.411133 340.109589 2 374
2631.333740 126.080467 2919.701416 291.924347 2 374
3055.933350 147.065948 3247.749023 291.129456 2 374
771.976074 216.947815 939.356384 313.120758 2 374
1580.928833 59.688889 1734.633545 166.118759 2 374
2895.387451 135.480423 3074.113281 232.920441 2 374
674.001831 232.302689 1345.806396 566.184753 7 374
759.027954 1490.439941 2223.686523 2160.000000 67 374
