2158.574463 177.223770 2292.265137 522.447815 0 235
2339.831299 165.930740 2817.225586 347.038055 2 235
1956.477295 131.527512 2398.553223 289.339478 2 235
2631.876221 124.148361 2920.341797 292.230713 2 235
3054.744385 144.395248 3249.174072 290.406982 2 235
1582.347778 59.130188 1736.000488 165.375931 2 235
774.061096 217.268585 933.688416 312.882812 2 235
666.903503 232.386002 1334.401367 577.631836 7 235
1573.967896 42.768227 1946.505615 168.233627 7 235
2167.909424 481.994568 2317.122803 553.516235 36 235
754.960449 1469.904663 2193.599365 2160.000000 67 235
