2238.670654 159.207901 2361.170898 427.908539 0 163
2334.519043 164.420685 2821.148438 355.303314 2 163
1965.273438 123.701698 2386.599609 293.943085 2 163
2631.465332 122.951538 2923.632568 297.281219 2 163
3054.981201 140.426666 3253.427734 292.669708 2 163
1579.671753 59.832684 1733.308472 164.159988 2 163
2360.040283 66.584412 2534.112305 148.980316 2 163
680.376404 236.122498 1334.222656 573.007690 7 163
707.064087 1478.543213 2264.295898 2160.000000 63 163
688.248535 1480.266846 2142.645752 2160.000000 67 163
