1044.012817 612.070740 1450.504028 1501.030518 0 404
1969.498779 125.538589 2379.926514 294.103424 2 404
2336.129883 165.322250 2827.320312 342.481812 2 404
2632.170166 122.870857 2915.954102 295.028442 2 404
3050.827881 142.183456 3263.880127 289.106354 2 404
2522.521729 78.545319 2729.272949 169.102127 2 404
774.994629 214.352753 938.802856 312.050507 2 404
676.046936 231.520493 1358.938477 559.765381 7 404
1579.994873 38.112598 1945.017090 166.812729 7 404
745.036438 1491.563354 2231.098877 2160.000000 63 404
