2206.334961 151.783783 2323.584717 466.669556 0 207
1954.491455 126.253960 2390.965820 292.305664 2 207
2338.959961 166.012558 2825.919678 344.537872 2 207
2635.537109 123.522141 2918.613525 294.975220 2 207
3055.062256 147.685654 3247.078369 290.045349 2 207
771.426086 214.179367 944.272766 313.498047 2 207
1579.797974 60.098129 1736.249878 165.606979 2 207
2512.635498 78.183739 2737.468506 169.641479 2 207
680.598633 228.529465 1343.562622 570.484863 7 207
774.410889 1485.960938 2195.416748 2160.000000 67 207
