1840.089966 285.557892 2063.777588 888.805237 0 338
1968.221680 125.682785 2378.573242 289.922211 2 338
2338.607422 163.623489 2814.145508 347.276672 2 338
3055.099121 142.819855 3256.459229 289.190002 2 338
2636.555664 126.997482 2917.990967 292.981445 2 338
1579.143433 58.036362 1735.606812 166.805405 2 338
2516.444824 93.112556 2626.693115 166.384949 2 338
677.714172 228.053040 1331.609375 582.513611 7 338
721.553772 1477.892456 2263.331787 2160.000000 63 338
650.603699 1478.614136 2155.522461 2160.000000 67 338
