900.337830 934.867371 1377.141235 1612.602051 0 414
1961.280762 131.151230 2382.556641 296.446259 2 414
2338.719482 166.654465 2821.190918 350.541321 2 414
2632.545410 128.654358 2919.287598 286.748993 2 414
3056.724365 147.206146 3236.665771 286.726105 2 414
770.351440 232.037415 891.169006 318.250092 2 414
2901.713867 120.689041 3069.181152 232.313568 2 414
663.457458 228.516525 1348.661621 582.211731 7 414
1577.946167 40.163666 1943.193359 175.843384 7 414
2511.987061 76.833626 2733.053711 172.282318 7 414
743.744019 1495.850708 2249.487305 2160.000000 63 414
