2224.610107 146.962845 2356.628174 439.891510 0 177
2331.150146 165.278885 2826.647217 350.055176 2 177
1959.302979 130.834686 2389.761475 294.946838 2 177
2631.017822 122.966873 2923.062744 297.272736 2 177
1579.942139 59.856716 1734.153564 165.068771 2 177
3060.161377 140.382156 3257.765137 293.220032 2 177
683.591187 233.742706 1335.355713 572.741150 7 177
2229.999512 184.045242 2355.275635 447.112183 16 177
703.240356 1474.532959 2259.101807 2160.000000 63 177
672.681885 1478.829956 2153.224609 2160.000000 67 177
