2214.145264 150.789520 2323.693115 437.703644 0 186
1967.293579 123.245079 2377.894287 292.846497 2 186
2372.563232 176.471207 2797.762695 341.416718 2 186
2632.951660 124.972221 2919.047119 292.046112 2 186
3053.723389 146.912033 3259.657959 288.501526 2 186
773.978027 214.945099 942.211975 313.965088 2 186
1582.041504 59.788452 1734.803101 165.167068 2 186
2514.960938 93.338066 2625.283447 167.436661 2 186
2360.405518 66.595345 2519.864746 149.932358 2 186
686.300415 231.003326 1335.933228 569.551819 7 186
730.344238 1476.480713 2250.721924 2160.000000 67 186
