1945.482178 255.668091 2176.567627 782.477356 0 317
1981.748535 130.088760 2380.479004 283.797333 2 317
2342.849365 166.882538 2813.351318 347.971100 2 317
3055.428711 146.089325 3239.047607 291.427002 2 317
2635.467041 126.817238 2917.203613 295.767273 2 317
2508.316162 74.845497 2743.775146 171.946777 2 317
776.148804 223.767456 922.689453 321.691345 2 317
674.578796 223.909485 1344.551636 584.249573 7 317
1582.841553 40.326344 1940.701782 173.404526 7 317
709.239014 1465.645630 2271.551025 2160.000000 67 317
