2075.556641 200.161392 2259.766846 612.000610 0 280
1978.466431 131.571457 2401.532471 284.690887 2 280
2341.126465 166.177246 2813.969238 349.572235 2 280
2639.423828 125.371277 2916.071777 290.336029 2 280
3052.655762 145.343277 3249.978271 288.837769 2 280
774.734314 225.461533 932.363525 320.440613 2 280
1585.752930 59.671379 1737.247070 164.074966 2 280
674.708069 229.504044 1337.401855 576.973450 7 280
1582.823608 43.536354 1943.396851 170.818512 7 280
751.263550 1470.968140 2225.328613 2160.000000 67 280
