1377.750122 419.149567 1682.656250 1351.796631 0 387
1956.115112 136.571960 2388.232666 297.517059 2 387
2346.864258 168.280319 2813.772705 352.102417 2 387
2633.631348 129.903717 2916.829346 286.892609 2 387
3056.197021 148.860382 3247.600342 286.433929 2 387
1582.835083 59.083668 1736.412476 166.820282 2 387
2897.948730 134.957199 3075.939697 233.824524 2 387
768.807556 229.276764 890.526489 319.801819 2 387
2505.396729 74.122459 2740.942627 172.658142 2 387
680.270325 223.667206 1342.538940 580.270386 7 387
717.956238 1487.226685 2280.871338 2160.000000 9 387
