2095.349609 211.403610 2253.170654 599.120483 0 271
1954.317017 130.519287 2398.503906 296.848389 2 271
2341.117676 166.945480 2817.024414 351.261963 2 271
3056.653076 151.001465 3239.471680 289.111267 2 271
2634.903564 126.017754 2920.801270 291.931213 2 271
1581.798340 59.660622 1739.160400 165.301086 2 271
776.835144 225.586960 924.454895 320.359375 2 271
2898.368896 132.743332 3072.087891 234.669907 2 271
679.760681 234.972366 1343.943237 573.714478 7 271
732.173706 1484.388794 2238.433350 2160.000000 67 271
