2237.835938 154.440414 2342.934326 432.603943 0 174
1961.104980 123.879425 2391.722412 293.311707 2 174
2338.636230 164.032959 2819.500977 350.556763 2 174
2632.060059 125.836708 2919.282959 291.302246 2 174
3054.529785 151.322815 3250.507080 288.194153 2 174
771.144592 216.381210 938.802124 312.593506 2 174
1582.237671 60.898243 1737.176880 164.836105 2 174
2509.405762 76.174103 2743.299805 171.196396 2 174
675.367554 237.641937 1340.964600 565.923218 7 174
1576.139038 42.858521 1944.885498 168.212799 7 174
767.545898 1467.657959 2199.598389 2160.000000 67 174
