2185.420166 173.795807 2293.784668 518.792603 0 228
2342.984131 164.469894 2824.276367 353.539795 2 228
1968.441162 127.032959 2393.835938 297.808105 2 228
2636.625244 123.983566 2919.524902 294.634430 2 228
3054.442139 144.139359 3254.570801 289.017212 2 228
1583.211914 58.054615 1731.533936 166.445724 2 228
2514.874512 93.950783 2628.249268 168.528198 2 228
682.194763 236.261551 1347.616699 567.002869 7 228
634.989380 1469.376221 2155.717041 2160.000000 67 228
714.670227 1453.748169 2255.294678 2160.000000 68 228
