2262.886963 150.780930 2325.352783 344.629181 0 69
1967.699341 120.331642 2391.368164 300.573547 2 69
2341.989990 163.737701 2820.931641 358.464630 2 69
2634.475098 125.258324 2920.172363 295.323914 2 69
3053.427979 143.859558 3254.642090 286.246033 2 69
1579.692383 58.841911 1734.152100 164.074387 2 69
2514.481201 76.855713 2734.640381 169.646179 2 69
2350.184082 65.573898 2484.953369 147.244934 2 69
681.520935 231.738724 1341.343018 570.484741 7 69
727.723755 1463.913696 2242.500488 2160.000000 67 69
