2214.742676 162.479996 2334.001221 451.145294 0 182
1954.243652 126.137001 2389.737061 292.383942 2 182
2344.837402 164.577591 2824.799805 352.595093 2 182
2637.204102 124.599258 2916.354248 293.501465 2 182
3053.452881 145.871994 3259.111084 287.547333 2 182
771.890930 215.998871 939.712646 312.825714 2 182
1580.452515 60.874897 1735.761475 165.533966 2 182
2515.880859 76.823494 2735.915527 170.875153 2 182
686.433167 236.103958 1350.123901 556.770630 7 182
761.384949 1472.537476 2214.922363 2160.000000 67 182
