2271.825684 138.817291 2330.778809 319.780182 0 27
1978.384888 118.699318 2389.310059 302.739929 2 27
2338.111572 166.976608 2818.444824 344.538330 2 27
2632.100586 125.021660 2919.019287 290.500488 2 27
3054.894287 147.776978 3245.975098 290.028625 2 27
779.166016 228.060486 924.004517 318.672974 2 27
2901.935791 138.289261 3066.899658 230.833038 2 27
1580.667114 59.702164 1736.726074 167.348434 2 27
685.611267 237.848495 1339.607178 566.568787 7 27
1581.983276 41.197067 1946.020508 167.895340 7 27
767.193909 1473.187744 2200.145752 2160.000000 67 27
