1573.790649 372.120178 1842.336792 1106.057495 0 367
1965.998535 130.035431 2377.636963 292.696716 2 367
2340.178711 168.108551 2820.130127 339.760773 2 367
2632.500000 124.466850 2920.291016 292.315063 2 367
3055.555908 147.279037 3240.387451 290.005646 2 367
2897.085938 135.861847 3063.342529 231.057693 2 367
774.379395 214.496368 935.892273 313.508575 2 367
670.886169 235.315918 1344.090820 574.324036 7 367
1578.494263 38.128563 1944.001831 173.594391 7 367
740.523438 1477.764526 2232.925293 2160.000000 67 367
