2125.718506 211.859772 2247.336182 558.583679 0 261
1965.248901 128.995743 2378.233643 293.993652 2 261
2336.036621 167.208817 2822.228760 346.054779 2 261
2638.742920 125.150520 2916.906494 291.791138 2 261
3054.452393 149.008240 3258.820557 288.511047 2 261
1580.564819 56.715027 1734.712402 164.766296 2 261
769.781555 214.415802 943.966675 315.018524 2 261
684.101013 226.899368 1342.921997 574.687561 7 261
684.215027 1467.462280 2136.199219 2160.000000 67 261
745.345886 1461.812378 2244.296631 2160.000000 68 261
