2156.205322 175.205826 2293.201904 522.388184 0 235
2339.723877 166.325668 2817.413086 350.318970 2 235
1959.235229 131.637146 2402.900146 293.467133 2 235
3056.677002 147.467529 3246.558105 287.055908 2 235
2635.922363 125.024178 2921.098633 291.014313 2 235
775.582214 223.731873 929.835754 322.182190 2 235
1579.790894 60.062881 1737.514771 164.526779 2 235
684.971680 228.627304 1336.406616 575.893677 7 235
1570.829834 41.037365 1949.490356 169.924149 7 235
763.590027 1484.046387 2216.854004 2160.000000 67 235
