2255.466064 112.026611 2343.251709 339.983124 0 57
1973.674561 116.551888 2389.079834 300.381989 2 57
2339.676025 167.175629 2825.696045 347.203308 2 57
2633.675781 125.161163 2917.766846 292.501923 2 57
3057.631836 144.652405 3250.513184 288.219208 2 57
771.455383 215.849518 939.273743 313.092255 2 57
1559.910156 48.413197 1888.742676 172.936462 2 57
681.003906 231.483749 1349.947144 562.850159 7 57
1579.258667 41.199413 1940.661499 169.682343 7 57
759.133240 1466.803589 2212.058838 2160.000000 67 57
