2254.418945 127.760574 2374.916992 374.657227 0 97
2329.872803 160.537827 2818.117920 352.303253 2 97
1970.119995 116.020653 2394.935547 306.080231 2 97
2630.294678 124.305260 2928.917969 294.518036 2 97
1582.049561 53.435207 1734.342041 163.803970 2 97
3063.475098 148.632080 3249.929199 288.699280 2 97
2511.317627 90.312874 2661.656494 165.106644 2 97
673.847229 228.130066 1336.450928 565.782715 7 97
709.484314 1479.997437 2258.164551 2160.000000 63 97
665.807495 1486.240967 2157.892822 2157.486328 67 97
