1632.928955 374.387848 1895.675293 1104.837769 0 363
1966.332275 127.262299 2378.470215 292.598511 2 363
2342.209961 167.960114 2818.430664 341.671570 2 363
2638.095459 126.995308 2918.186523 288.895782 2 363
3054.933838 146.245880 3245.476562 290.015930 2 363
2902.303467 136.590607 3063.458252 232.673370 2 363
775.413513 214.084732 935.471741 313.984558 2 363
681.999634 235.199188 1341.818726 568.751648 7 363
1583.499878 39.764839 1943.409424 171.332809 7 363
758.849670 1476.483398 2218.883057 2160.000000 67 363
