960.484497 778.439697 1413.943115 1540.764893 0 408
1964.202515 129.845917 2382.299561 291.579529 2 408
2341.550293 168.214981 2816.742920 342.320343 2 408
3056.710205 151.507294 3241.955078 286.385986 2 408
2635.600830 126.002762 2918.848877 293.461853 2 408
1580.503540 59.384018 1736.788086 166.042206 2 408
773.984802 225.942291 927.755554 319.741943 2 408
675.636292 237.331802 1337.169067 574.867737 7 408
1577.779419 38.297592 1945.397095 169.084610 7 408
759.903076 1495.102295 2235.384033 2160.000000 8 408
