2250.192139 147.202820 2350.211182 368.513702 0 103
1970.810303 123.425209 2392.314941 297.562378 2 103
2336.030518 167.584976 2816.724609 348.312347 2 103
2635.395020 126.742966 2919.382324 291.336243 2 103
3054.737549 149.480423 3243.983398 289.964203 2 103
774.818481 214.116318 935.483887 314.430878 2 103
2898.094727 136.166260 3065.619873 232.301895 2 103
682.446533 236.031631 1342.155762 571.654785 7 103
1575.462402 40.304314 1947.000854 167.991241 7 103
761.157410 1479.126831 2216.277832 2160.000000 67 103
