2264.499512 142.062607 2325.506592 319.080933 0 42
1972.600586 120.461647 2394.195312 301.903595 2 42
2344.930420 165.480637 2818.479736 347.709930 2 42
2635.919922 125.196526 2919.823486 290.448761 2 42
3056.023193 149.794220 3241.959961 286.625977 2 42
1581.999023 60.333420 1732.583618 166.339981 2 42
771.541199 215.734055 937.182922 312.987549 2 42
2898.760498 122.289383 3068.322021 231.094086 2 42
682.438232 229.156143 1347.839722 562.658264 7 42
739.312256 1485.270630 2229.197754 2160.000000 67 42
