1044.762573 617.909485 1458.980103 1497.556396 0 403
1966.697754 126.610786 2378.573242 292.655396 2 403
2333.416260 164.166626 2821.746582 348.385834 2 403
2636.509521 124.680054 2921.986328 293.604462 2 403
3055.249023 140.155670 3254.503906 290.546814 2 403
1581.410522 55.898090 1734.743042 166.187195 2 403
774.166870 228.530151 935.393982 318.436981 2 403
2513.867188 93.333374 2627.146729 166.917557 2 403
669.083923 230.125000 1333.092285 575.142395 7 403
730.826538 1475.035278 2251.884033 2160.000000 63 403
