2254.458496 153.565399 2352.788330 365.796753 0 112
1966.409302 123.544456 2391.707520 296.349304 2 112
2338.091553 165.611557 2814.084717 347.149628 2 112
2635.020752 126.709206 2918.997314 291.716309 2 112
3056.143066 146.049606 3248.542969 289.717133 2 112
1580.420166 61.607433 1736.883789 165.316757 2 112
772.645386 217.245926 937.188843 313.824432 2 112
2868.176025 112.285362 3085.049316 230.145599 2 112
680.446533 228.015732 1337.763306 566.856506 7 112
1572.721191 43.804546 1945.169556 171.401703 7 112
724.719604 1473.948853 2258.496338 2160.000000 67 112
