2253.996826 137.131577 2370.393799 394.559540 0 130
2386.840088 172.702316 2791.087158 339.612091 2 130
1978.919067 115.600258 2394.619385 300.385864 2 130
3057.804199 151.449722 3248.249023 289.245300 2 130
2636.203369 124.882500 2924.469971 293.505676 2 130
1579.916138 55.779930 1736.651733 167.047226 2 130
2511.432861 83.577568 2670.749756 165.711807 2 130
2362.602295 67.106834 2516.576904 145.304367 2 130
692.420593 233.806213 1321.723145 564.413452 7 130
756.460022 1464.010132 2219.050537 2160.000000 67 130
