2211.888428 160.964462 2328.823486 451.493317 0 186
1969.820435 121.805298 2380.498535 294.372345 2 186
2380.708496 175.795883 2793.873291 341.574310 2 186
2630.529297 125.608513 2921.963135 290.977020 2 186
3055.583496 145.626755 3243.914307 292.279358 2 186
1579.492310 59.601627 1737.745728 168.578445 2 186
776.694763 214.291183 933.956604 312.948853 2 186
2901.321045 135.745804 3066.108154 232.009613 2 186
678.441589 237.760040 1342.963013 577.964233 7 186
774.969971 1469.102905 2222.239502 2160.000000 67 186
