2204.971191 160.467896 2318.562012 479.353394 0 210
1956.961060 125.963852 2394.653076 294.664856 2 210
2339.555908 166.207916 2815.695557 344.560638 2 210
2635.268066 125.034363 2918.615967 292.102753 2 210
3058.443115 150.833237 3243.582031 292.063629 2 210
774.817017 214.072601 936.004639 313.729584 2 210
2899.421631 136.430740 3065.359131 232.456726 2 210
683.183594 235.371429 1340.603149 566.159912 7 210
1576.395142 42.418667 1950.062378 169.767822 7 210
765.286194 1474.943481 2197.575439 2160.000000 67 210
