2325.776367 167.605927 2831.918213 334.786926 2 14
1974.184692 117.612015 2369.472656 305.580811 2 14
2633.605469 125.192863 2924.529541 293.470215 2 14
3061.422607 149.967484 3250.522461 292.284607 2 14
1581.051270 54.890724 1737.312988 166.664871 2 14
2364.671387 66.186386 2517.417725 145.120468 2 14
2510.839111 83.204376 2669.239990 166.494247 2 14
708.630005 195.843079 1332.899292 508.969208 2 14
702.746277 234.232391 1321.671387 559.533875 7 14
739.688232 1465.747925 2233.352783 2160.000000 67 14
