2265.010986 133.058502 2324.304443 322.122681 0 43
1980.341187 118.569252 2399.049316 301.170929 2 43
2344.760010 165.201172 2819.560547 344.748199 2 43
2637.128418 126.006767 2917.656982 290.793457 2 43
3055.472900 147.155334 3239.409668 288.198730 2 43
1580.577271 59.756294 1737.281250 166.983368 2 43
770.561035 215.570969 938.366760 313.758057 2 43
2901.289062 120.784256 3067.696777 231.358902 2 43
690.734314 234.324524 1339.962158 563.775879 7 43
747.890076 1473.429932 2229.650146 2160.000000 73 43
