2131.522705 187.354996 2244.541260 553.675537 0 254
2352.060303 171.738495 2801.578369 336.938995 2 254
1972.178955 124.927017 2377.687500 297.175690 2 254
3055.058105 140.020630 3261.819824 288.945557 2 254
2635.060791 126.537773 2922.025879 288.875885 2 254
1581.932739 58.807007 1734.451782 166.329910 2 254
2516.062256 93.162399 2624.143799 166.743042 2 254
680.702759 231.098541 1337.533936 567.505859 7 254
706.729004 1480.485229 2274.018555 2160.000000 63 254
685.056335 1488.152100 2106.798584 2160.000000 67 254
