2287.521484 112.860771 2368.606934 311.618713 0 5
1983.766602 121.019775 2382.101074 296.720917 2 5
2341.773682 165.920670 2821.506836 349.669983 2 5
3055.360840 143.962891 3256.923340 286.722900 2 5
2635.153320 122.775299 2917.549072 290.300781 2 5
777.421814 226.287796 938.612305 318.743927 2 5
670.898865 231.753952 1346.694458 573.319092 7 5
1577.705200 40.924297 1948.649902 173.750366 7 5
680.688904 1467.368652 2132.421875 2160.000000 67 5
757.226868 1455.459717 2223.429688 2160.000000 68 5
