2259.479492 140.394058 2324.933350 323.664307 0 53
1974.303467 120.597260 2387.646729 299.657227 2 53
2341.855225 168.638412 2821.507324 347.869141 2 53
2634.075195 126.990273 2922.166504 288.752289 2 53
3056.104004 145.027542 3241.372314 291.805115 2 53
774.950439 214.162659 939.477539 313.382690 2 53
1580.314331 58.731018 1735.212158 167.848648 2 53
2363.925049 66.161209 2516.930908 147.670776 2 53
683.678162 232.542557 1349.427124 563.321899 7 53
775.408569 1473.992554 2202.341797 2160.000000 67 53
