2251.460693 148.663773 2346.485840 367.311157 0 102
1973.299561 122.016441 2391.197998 296.630157 2 102
2335.959229 167.370972 2817.912842 345.819153 2 102
2637.333496 125.710823 2919.764893 291.616730 2 102
3056.177002 149.493820 3245.214111 290.187012 2 102
773.932495 214.773438 938.705505 313.733002 2 102
1581.116577 60.344406 1737.867676 167.392029 2 102
2895.361084 136.654922 3065.030762 232.541077 2 102
680.843323 234.791901 1345.748901 568.465454 7 102
768.117981 1473.134277 2208.907959 2160.000000 67 102
