2248.443604 149.199356 2342.167236 340.748047 0 72
1967.429443 121.662361 2394.290039 298.532379 2 72
2384.116943 175.100540 2789.736572 344.233917 2 72
2633.321045 126.445763 2918.968262 292.268127 2 72
3057.037109 150.408997 3252.615234 287.518829 2 72
772.058960 215.735428 939.281189 314.036041 2 72
2901.020508 122.544815 3068.321777 230.776398 2 72
1583.392456 58.631741 1734.391479 166.850266 2 72
683.008850 238.210251 1345.155396 567.363342 7 72
755.376831 1469.459961 2217.374512 2160.000000 67 72
