2385.051758 171.707596 2796.946289 344.145111 2 20
1976.461182 119.846413 2316.085693 301.687744 2 20
2631.373291 126.676018 2928.470215 294.641174 2 20
3065.116211 147.238525 3256.840088 289.305481 2 20
1581.956543 53.006168 1734.986206 165.258286 2 20
2513.747559 94.941551 2627.998535 163.878235 2 20
2364.058838 68.562698 2524.568115 145.440323 2 20
688.502991 233.784927 1322.806274 575.054138 7 20
1593.330933 39.863888 1940.675293 159.802078 7 20
687.359009 1478.860840 2283.505859 2160.000000 63 20
658.957947 1480.263428 2170.090088 2160.000000 67 20
