1963.831177 246.936142 2187.021729 786.530273 0 313
1977.933838 116.470863 2377.511475 285.317688 2 313
2330.476318 163.987183 2817.209961 338.007629 2 313
2631.003906 127.115471 2934.611084 293.708923 2 313
3070.136230 148.517975 3252.712158 287.630310 2 313
1578.510864 54.728046 1733.809448 165.977310 2 313
2516.026611 94.822304 2626.654541 163.946213 2 313
686.143066 228.686127 1327.453735 577.477539 7 313
1990.172363 730.463318 2194.900146 870.462524 36 313
699.497559 1470.470947 2269.251221 2160.000000 67 313
624.428040 1392.295044 2360.268799 2160.000000 73 313
