2187.058350 169.422897 2307.579590 496.409424 0 223
2377.967773 176.030380 2800.005615 342.494995 2 223
1964.479248 127.470581 2396.855713 292.484070 2 223
3056.790283 145.469971 3241.804932 288.902893 2 223
2637.416260 126.292183 2918.583740 291.453094 2 223
1581.707642 59.633385 1738.544312 164.902832 2 223
2894.774902 133.039734 3069.419434 235.181000 2 223
684.244751 233.920547 1338.010132 576.313782 7 223
2200.915771 478.890472 2311.617188 521.540100 36 223
715.872314 1458.493164 2265.235352 2160.000000 67 223
