2100.365967 206.057846 2253.000244 572.702942 0 269
1951.479126 133.115036 2403.917236 293.956696 2 269
2341.457764 164.774536 2816.800537 348.523621 2 269
685.989868 238.005737 1338.247803 571.347412 2 269
3055.606689 143.554688 3243.954346 287.218323 2 269
2634.744141 126.707718 2919.801270 289.602448 2 269
778.689636 226.787674 924.246887 319.575897 2 269
1580.129761 59.226318 1736.277222 165.170044 2 269
2897.729736 135.015335 3066.784668 232.726120 2 269
669.280640 213.534729 1350.281494 646.171936 7 269
1574.225586 37.225281 1955.322266 169.185089 7 269
