2250.360840 152.111191 2357.358154 389.637421 0 135
1977.691650 120.991737 2382.590820 293.751953 2 135
2378.161377 176.671814 2793.368164 342.595337 2 135
2631.243652 124.471199 2919.668213 294.010132 2 135
3052.012939 145.226669 3258.106934 287.197266 2 135
1584.200195 58.953548 1735.598877 165.217880 2 135
2514.654297 90.634567 2624.293701 167.570908 2 135
776.057861 213.678467 937.878357 316.123230 2 135
687.104858 232.438187 1339.330200 561.734802 7 135
712.947327 1472.270020 2257.687988 2160.000000 67 135
