2245.273193 111.636078 2359.877197 340.465271 0 79
2325.036133 163.907532 2826.052979 347.477173 2 79
1970.200073 120.658485 2398.232422 300.461639 2 79
2634.672607 122.473633 2919.516113 297.824127 2 79
3057.015625 142.504578 3258.893555 292.855194 2 79
1574.692871 61.664825 1734.375000 167.067932 2 79
2515.528320 96.994797 2623.850098 167.502579 2 79
686.015686 230.732788 1333.449829 577.759277 7 79
709.219543 1467.885742 2267.028809 2160.000000 63 79
689.523499 1473.639648 2145.143555 2160.000000 67 79
