2254.464111 155.803406 2347.239014 367.059509 0 110
1966.554199 124.995911 2387.833252 296.057373 2 110
2378.928711 174.514496 2798.411133 344.464050 2 110
3054.430420 145.174820 3248.848633 288.457581 2 110
2638.933594 127.449638 2917.062012 291.266327 2 110
1580.684937 60.005375 1736.325439 167.085556 2 110
775.828674 218.743393 928.038574 312.743103 2 110
2521.050781 67.956963 2729.609375 161.825394 2 110
689.294617 237.199051 1335.364502 573.862671 7 110
1585.770630 43.435417 1939.652344 174.388611 7 110
733.835205 1470.380371 2238.339844 2160.000000 67 110
