2239.656982 163.607468 2356.227783 417.735870 0 165
2343.705811 165.204727 2819.756348 352.411987 2 165
1962.021729 122.674133 2384.790283 291.728088 2 165
2629.653076 126.989586 2921.820801 291.438660 2 165
3054.881348 147.463974 3242.309082 290.351715 2 165
778.770874 226.978333 934.201660 319.296448 2 165
2895.684570 135.146362 3071.025146 233.847305 2 165
686.015625 229.738647 1337.403687 569.158691 7 165
1584.707764 42.003418 1945.395996 166.997559 7 165
2275.368652 397.479492 2363.113281 431.469360 36 165
762.956787 1481.129761 2216.917725 2160.000000 67 165
