2206.010742 161.825851 2319.606689 479.404205 0 209
1957.998413 126.579086 2392.818115 293.172546 2 209
2335.284424 165.384399 2822.651611 347.955658 2 209
2630.843994 123.981850 2921.564941 290.370026 2 209
3054.333496 144.189148 3245.338867 289.282135 2 209
1580.160400 60.426003 1736.416382 166.402344 2 209
776.511047 226.287109 926.745972 318.894745 2 209
674.122192 232.158264 1334.402832 577.413452 7 209
709.880066 1473.229004 2122.416016 2160.000000 67 209
760.656372 1461.282715 2203.425537 2160.000000 73 209
