2197.810059 167.015060 2309.547852 490.951752 0 215
1964.819580 124.649727 2386.948486 297.295288 2 215
2375.484375 176.553604 2796.234131 341.888458 2 215
2633.340576 125.414993 2919.802734 293.843170 2 215
3054.356445 148.206360 3259.264404 287.928650 2 215
775.131470 214.694122 945.289551 314.720276 2 215
683.058228 228.181107 1338.859619 569.226685 7 215
1578.934204 39.183880 1944.437134 168.849548 7 215
2219.354004 462.186890 2319.254395 507.498871 36 215
736.425598 1474.642334 2232.300049 2160.000000 67 215
