2130.582031 206.415237 2242.675049 592.862305 0 256
2385.253418 173.064865 2792.523926 345.144409 2 256
1969.959595 123.693115 2383.731689 300.287354 2 256
2634.627197 126.096832 2929.015869 296.546051 2 256
3066.523193 148.810837 3251.521484 291.006195 2 256
2512.302002 93.840347 2628.454590 163.595917 2 256
1579.158081 55.681282 1735.304077 164.786209 2 256
2361.949219 66.678429 2521.773193 148.237137 2 256
687.652710 229.055893 1327.510864 575.168945 7 256
642.753723 1401.256592 2326.611572 2153.723145 63 256
711.267395 1476.371094 2243.147949 2160.000000 67 256
