2112.313721 180.389313 2251.611572 570.135925 0 266
2340.723145 167.464935 2812.837158 349.605194 2 266
1965.580566 131.116562 2380.488281 292.813782 2 266
3055.377197 149.042114 3238.746338 285.539246 2 266
2637.102295 124.360992 2920.070557 291.252686 2 266
1581.990601 60.043026 1739.048584 166.009933 2 266
776.382812 226.462311 924.890625 319.424957 2 266
2898.742188 133.518784 3068.641602 234.722549 2 266
2505.871826 77.317139 2741.442627 171.406158 2 266
681.893677 233.623459 1342.634277 574.730835 7 266
1570.939941 38.511997 1957.151978 166.301178 7 266
750.907410 1476.394165 2214.372070 2160.000000 67 266
