1934.269287 256.653778 2174.271240 801.678589 0 319
1976.890137 126.862442 2377.156250 285.818573 2 319
2340.216797 166.048950 2820.273193 342.809113 2 319
2635.077148 125.589630 2920.226807 291.546814 2 319
3055.855225 146.231689 3239.230225 287.161560 2 319
1581.115112 59.702507 1736.809448 165.011200 2 319
772.890259 216.768021 936.191833 311.248596 2 319
665.343811 231.438782 1335.297119 580.800537 7 319
1574.434448 40.157200 1949.248291 167.140152 7 319
736.550415 1471.600220 2223.195068 2160.000000 67 319
