2244.829834 153.817856 2357.515625 411.951691 0 152
2372.808594 177.893250 2804.110840 338.726685 2 152
1961.614014 123.049156 2396.422607 291.506866 2 152
2631.175781 124.996025 2919.148438 289.974060 2 152
3054.221436 150.253357 3247.906738 288.500732 2 152
1582.593750 60.488373 1739.428833 165.303833 2 152
772.911560 215.124191 933.132812 313.445648 2 152
2512.294434 79.151741 2738.766113 169.788879 2 152
682.347168 236.119522 1345.193481 562.825012 7 152
2264.063477 380.418182 2343.798096 416.901489 36 152
755.468689 1477.162964 2213.303955 2160.000000 67 152
