2328.409180 164.549316 2827.108154 339.966187 2 91
1972.554321 114.632774 2392.116211 303.510101 2 91
2637.441895 124.960777 2926.711914 292.298340 2 91
3057.076904 154.788544 3248.565430 290.333954 2 91
1580.417725 54.861141 1737.365112 167.509109 2 91
2509.427734 83.452141 2671.372803 165.586838 2 91
694.855713 238.567184 1319.572144 563.196472 7 91
1590.517334 42.236248 1940.127319 163.119385 7 91
746.285034 1473.702271 2229.145996 2160.000000 67 91
692.813293 1406.524536 2287.674316 2157.770996 73 91
