2179.185791 182.418579 2301.078369 509.994934 0 227
1966.734375 128.852921 2393.411621 295.585999 2 227
2380.855225 179.191467 2798.029053 340.877472 2 227
2635.627930 125.042030 2918.557129 288.890289 2 227
3053.187012 145.176544 3248.349854 288.090820 2 227
1581.578735 59.034115 1735.118408 165.959351 2 227
667.893860 234.531998 1339.126465 576.483032 7 227
1578.762329 40.009228 1943.209473 171.153824 7 227
739.050110 1470.751343 2224.497070 2160.000000 63 227
673.313110 1482.415649 2159.901855 2160.000000 67 227
