2265.691162 138.952332 2325.426025 317.073425 0 40
1973.678589 121.177475 2381.498047 299.571411 2 40
2337.064453 168.045715 2823.838867 348.864410 2 40
3057.472412 142.192841 3259.708008 291.900330 2 40
2637.445557 125.180733 2916.928955 293.478210 2 40
776.239075 213.889603 936.719910 314.966095 2 40
685.568970 235.133041 1333.454346 566.114929 7 40
1591.399170 40.961090 1943.736572 169.506210 7 40
685.671509 1483.945679 2146.637451 2160.000000 67 40
732.172607 1471.688354 2238.810059 2160.000000 73 40
