2093.615723 211.385406 2245.082764 644.811340 0 275
1963.134521 130.402100 2392.597412 291.593262 2 275
2340.528076 166.971344 2814.184082 341.935028 2 275
3057.510498 147.163681 3247.703613 290.553131 2 275
2633.566162 125.970375 2920.163330 290.887512 2 275
2896.720215 135.122101 3069.779053 232.297775 2 275
778.810181 228.264984 930.794128 318.362030 2 275
1581.446899 58.892208 1734.616455 167.779526 2 275
2507.541260 74.867699 2738.654785 171.890015 2 275
686.780029 231.845047 1344.930176 567.755676 7 275
1584.021362 41.971603 1946.963745 169.090561 7 275
762.860718 1476.792725 2214.154785 2160.000000 67 275
