2162.917969 177.180389 2293.636475 513.121948 0 233
2380.153076 176.438019 2793.848389 341.811096 2 233
2629.662598 126.738617 2921.620117 290.660797 2 233
3058.593506 149.632858 3240.179688 290.582642 2 233
1956.931152 132.131882 2403.185791 291.917938 2 233
2899.200684 121.620247 3067.239258 230.762085 2 233
1580.227051 60.790211 1736.361206 167.198975 2 233
681.314148 236.159348 1344.478149 563.851318 7 233
730.696777 1475.246826 2119.790039 2160.000000 9 233
768.392334 1474.804810 2197.356689 2160.000000 73 233
