2251.792236 146.477844 2347.611816 365.812775 0 108
1968.209717 123.727448 2397.565430 298.000580 2 108
2380.433105 174.599289 2794.422607 343.864502 2 108
2631.031250 126.777184 2921.740479 291.494507 2 108
3056.545898 148.936600 3250.434326 286.128143 2 108
771.650085 215.664474 938.017517 313.248688 2 108
2848.568359 114.587624 3083.632324 226.602615 2 108
2506.732422 76.197960 2746.039795 170.181412 2 108
1581.810547 59.351860 1736.756714 167.270844 2 108
685.321838 238.970139 1337.519897 564.483337 7 108
1578.988281 39.242130 1943.972046 165.032837 7 108
759.506775 1483.165649 2213.321777 2160.000000 67 108
