1575.755249 386.855377 1842.923218 1094.996338 0 367
1965.658813 128.787796 2383.124756 293.599884 2 367
2342.421631 168.747009 2820.423584 342.811401 2 367
2635.674561 126.416580 2921.198730 291.520477 2 367
3058.086182 147.363266 3243.934082 288.432770 2 367
2853.621338 107.003395 3082.854248 227.779297 2 367
1581.291260 60.720058 1736.447754 166.953842 2 367
687.537903 228.261215 1340.728882 569.830017 7 367
1570.429199 42.332951 1959.392090 167.773926 7 367
725.556580 1476.019287 2266.248779 2160.000000 73 367
