1384.626099 396.011108 1710.984985 1321.254150 0 384
1957.260742 132.937546 2387.881836 294.097107 2 384
2341.250732 167.231018 2823.939209 343.455139 2 384
2636.213135 128.058701 2919.956299 290.348724 2 384
3055.523193 145.865814 3241.850342 293.235718 2 384
773.567139 231.589264 890.060974 319.520630 2 384
2902.437256 122.028915 3067.935547 231.170990 2 384
2507.388916 75.415756 2735.133301 171.249496 2 384
669.406189 227.511627 1345.042236 572.098022 7 384
1579.108276 40.588356 1939.165527 172.068771 7 384
2515.788330 62.614799 2717.002197 161.646988 7 384
724.175049 1499.479248 2265.462402 2160.000000 63 384
649.016968 1497.330688 2186.282959 2160.000000 67 384
