380.806641 1187.875854 426.302307 1285.130005 0 157
286.374298 1282.073120 340.010193 1380.006104 0 157
189.403351 1385.762085 243.798279 1485.264771 0 157
455.537323 1103.875977 496.136200 1203.099854 0 157
897.549744 652.507385 1095.302124 825.934814 2 157
1239.446777 403.544983 1382.562012 525.821411 2 157
859.350342 285.396423 988.868103 404.126801 2 157
1046.815552 370.378052 1184.478516 481.643005 2 157
1213.094238 183.304703 1331.506958 282.711517 2 157
1438.164062 171.538803 1536.806396 275.574524 2 157
1770.488770 804.235596 1989.723022 1057.821289 2 157
1618.977417 408.895081 1752.766113 540.909302 2 157
1196.528809 37.413479 1270.677124 101.567680 2 157
1217.198975 651.013611 1381.230957 798.580383 2 157
1765.525757 789.650879 1994.030762 1083.445557 7 157
1214.545776 616.203674 1381.260132 791.033691 7 157
1567.161499 303.918884 3589.409424 2160.000000 66 157
1696.334229 1848.666992 2071.624268 2154.741455 67 157
