581.621887 991.069519 905.892151 1293.404053 2 181
1197.074219 605.036072 1382.385254 765.546326 2 181
1241.556274 251.045135 1353.865845 389.281281 2 181
1513.976318 266.366486 1622.587891 385.257996 2 181
1182.648682 101.587311 1321.383057 172.850296 2 181
1811.081787 1104.642700 2073.038818 1489.603149 2 181
1008.639160 1114.660645 1285.189575 1347.929688 7 181
962.707825 480.400635 1143.362183 680.841370 7 181
558.670776 988.526978 870.079468 1296.116821 7 181
1813.690918 1170.521973 2080.862793 1518.952026 7 181
1507.648926 393.274811 3646.130615 2153.915283 66 181
