626.437256 906.519653 655.156555 998.156616 0 86
861.122192 282.644440 986.222595 407.305389 2 86
1252.635376 181.821884 1334.410889 257.625275 2 86
1075.286987 215.173401 1180.686890 312.691467 2 86
1079.190308 126.195824 1169.630005 201.393570 2 86
1405.189575 149.784836 1488.241211 218.045639 2 86
1244.362671 529.211731 1383.045532 638.096802 2 86
1210.139404 54.415680 1276.586060 104.658562 2 86
1231.254883 123.757545 1321.989380 189.110626 2 86
1712.108887 636.189148 1894.124146 821.729248 2 86
986.502380 421.372803 1156.893433 639.422546 5 86
1055.429810 862.070435 1326.509399 1099.797363 7 86
1699.954346 603.285583 1883.631104 818.629028 7 86
1232.431152 485.819183 1390.490234 635.928833 7 86
1585.087891 373.204071 1725.796021 499.326172 7 86
1610.274292 338.806671 3781.479248 2160.000000 66 86
