378.579926 1187.465454 428.777496 1281.542236 0 216
286.656982 1270.869019 337.826782 1380.361572 0 216
77.750183 1480.909790 131.330612 1610.559448 0 216
623.362488 912.001160 657.368042 992.138855 0 216
187.623322 1385.961792 255.579056 1487.416870 0 216
456.496002 1098.195801 496.180603 1202.640991 0 216
1816.623413 855.077454 2062.500977 1138.152832 2 216
1240.696045 481.262268 1376.436890 643.259338 2 216
860.743347 280.164276 986.918945 404.167664 2 216
1237.626587 182.113602 1330.285034 265.161316 2 216
600.190308 908.524658 955.618103 1203.139038 2 216
792.136292 1204.810059 1173.567627 1648.899902 2 216
1083.049072 59.886528 1157.389648 139.779846 2 216
773.809265 1246.721558 1172.828125 1699.506592 7 216
3624.333008 217.647964 3839.115967 340.108887 25 216
1323.737671 91.001465 3583.440674 2160.000000 63 216
1405.992188 359.879578 3513.803467 2160.000000 66 216
