192.009003 1375.663818 242.984985 1487.627686 0 330
78.283104 1489.894043 130.433990 1608.902588 0 330
452.451996 1102.987427 497.338989 1199.431396 0 330
285.509583 1270.245850 342.984161 1383.060303 0 330
570.581482 963.799500 620.436646 1052.654907 0 330
504.658508 1022.556702 563.461121 1124.332520 0 330
855.170593 286.549408 989.128479 403.658844 2 330
1172.007202 95.600334 1256.226807 160.416748 2 330
1052.145752 97.395508 1211.798828 288.003723 7 330
992.346436 407.206055 1152.987427 589.807495 7 330
1200.686523 70.649071 3480.129883 2160.000000 13 330
1423.469849 293.809631 3504.633789 2160.000000 66 330
