512.346985 1026.007202 559.005554 1122.269897 0 188
577.346008 965.159058 610.982117 1058.084595 0 188
626.630859 906.264771 655.450745 997.596863 0 188
383.051239 1177.623291 425.342316 1291.700806 0 188
75.743217 1471.274292 130.187683 1616.539673 0 188
408.266968 1119.296387 832.981018 1551.246826 2 188
862.194397 283.210602 984.718140 406.220825 2 188
1213.615112 94.286781 1289.275879 168.217499 2 188
1531.955566 317.315125 1640.439453 423.967865 2 188
951.417969 559.994385 1131.388550 733.676086 2 188
1168.297119 691.256653 1367.790771 884.448486 2 188
1209.717285 306.531799 1362.094604 427.301300 2 188
1075.363892 43.148571 1156.546021 87.499344 2 188
1734.569214 602.866028 1916.599365 782.326294 7 188
842.489746 1260.660767 1198.371948 1651.151367 7 188
1803.082520 1218.714722 2085.974854 1712.754272 7 188
1387.024536 402.454803 3549.889648 2131.149414 66 188
