380.878784 1188.098511 427.295258 1288.365234 0 85
449.459808 1105.242920 499.081909 1206.462646 0 85
285.960205 1274.442139 339.720581 1387.981323 0 85
1244.247681 477.211060 1383.668579 621.677124 2 85
1066.510986 899.826111 1306.191528 1079.914673 2 85
1046.423218 123.348076 1166.257080 303.298401 2 85
841.625732 266.879761 1010.785828 430.243713 2 85
1590.494995 379.054840 1718.534424 494.559601 2 85
1245.337769 177.138168 1323.025513 264.547455 2 85
968.374878 422.644012 1149.666016 635.990967 5 85
1689.211426 589.353271 1877.490723 813.822266 7 85
1524.186035 471.416229 3623.469238 2160.000000 66 85
