380.115936 1192.832520 429.858612 1287.417480 0 224
456.918213 1104.353149 495.528229 1202.059204 0 224
446.263367 1041.558105 864.272522 1506.316772 2 224
1838.220581 948.810852 2102.024414 1291.553101 2 224
1193.504761 545.585632 1385.394653 742.503418 2 224
1243.448364 191.936630 1356.983521 306.927765 2 224
1054.653564 59.035889 1153.432983 144.860458 2 224
845.453918 267.943146 1021.951965 424.754883 2 224
482.317627 1534.575928 1031.761353 2160.000000 2 224
1840.066650 974.760681 2102.292480 1324.731323 7 224
1584.274414 2025.753784 1836.575684 2152.520020 15 224
