286.156036 1268.092041 336.153198 1383.535522 0 319
378.912323 1188.196533 426.573242 1281.247070 0 319
186.317505 1369.036011 245.840973 1494.493042 0 319
75.655891 1492.532471 133.817413 1611.657593 0 319
618.491089 906.950378 669.262146 997.559692 0 319
575.414673 966.992981 612.452026 1053.983887 0 319
451.129974 1104.105347 499.104614 1199.161255 0 319
850.004150 285.179077 986.620178 405.906464 2 319
1037.290039 347.366852 1170.090454 510.996521 2 319
1059.665527 78.942886 1203.692383 248.972046 7 319
1028.803467 296.183838 1178.696045 501.530670 7 319
1236.957397 65.352058 3444.280518 2160.000000 13 319
1235.388184 272.352783 3433.287842 2160.000000 66 319
