377.421570 1188.895996 432.242554 1280.540283 0 103
447.600891 1104.412476 502.690979 1198.498413 0 103
286.429688 1271.923950 339.715088 1380.369995 0 103
619.193970 908.977295 670.962769 998.996033 0 103
568.508179 968.730530 619.180115 1057.907471 0 103
521.007812 1035.393555 571.442505 1146.212280 0 103
1732.073975 739.528503 1952.926147 1034.324341 2 103
1062.268677 260.605530 1178.402588 386.424164 2 103
1429.878418 177.724792 1536.685913 274.087921 2 103
852.221191 286.622406 988.545776 404.308868 2 103
1205.501221 70.297447 1279.895386 134.905350 2 103
1253.092529 247.889893 1355.677612 333.491699 2 103
1239.128662 170.677750 1331.506104 240.444138 2 103
1638.208374 473.737091 1815.759766 619.178406 2 103
1183.806152 724.597412 1394.965698 900.719238 2 103
874.547180 544.406189 1119.525513 822.159546 5 103
877.036804 557.834900 1116.904297 814.540039 7 103
734.287659 1283.268921 1128.486328 1773.166260 7 103
1559.688232 447.972870 3612.057861 2079.417969 66 103
