580.257996 969.941406 611.183228 1056.052002 0 186
517.586731 1044.330444 554.906921 1127.383057 0 186
1242.505737 287.435516 1368.383545 417.869781 2 186
851.043152 286.031677 984.366577 404.705078 2 186
1525.922363 290.164581 1633.289307 419.617645 2 186
1151.692017 659.746582 1357.980957 842.499329 2 186
950.106750 564.226685 1122.287964 732.107605 2 186
444.563965 1064.583130 863.723511 1462.139038 7 186
916.215454 1301.422241 1162.452271 1542.234375 7 186
1811.881104 1295.322632 2088.013428 1658.735596 7 186
1670.671753 198.581757 3715.295898 2097.988770 63 186
1544.427612 453.741974 3575.792725 2160.000000 66 186
