379.193481 1171.663452 426.071014 1271.230225 0 63
285.429138 1282.793823 340.141907 1378.187622 0 63
450.536774 1099.171265 495.428741 1199.929688 0 63
625.349976 910.272278 658.418213 993.019043 0 63
575.852356 967.004395 612.361389 1050.866455 0 63
665.044556 851.105774 699.757385 929.814758 0 63
506.207245 1042.282349 560.900269 1144.210938 0 63
864.455261 284.212646 984.596863 405.139587 2 63
1254.604614 282.097321 1368.951172 423.001068 2 63
1615.029663 423.089203 1773.877075 592.951538 2 63
1342.120483 70.609131 1437.712524 138.221848 2 63
1239.318481 102.730804 1311.878174 177.375290 2 63
1046.754395 357.384094 1185.602539 464.397552 2 63
1195.139648 22.899511 1255.257446 60.607334 2 63
1503.086670 262.646118 1631.463867 379.634277 2 63
1075.063110 160.367416 1175.872681 234.801392 2 63
1203.147461 520.225159 1369.245728 695.456848 2 63
1037.485474 300.233093 1178.937378 472.991486 5 63
1219.611816 494.355774 1359.763184 680.159790 7 63
909.078247 1009.446350 1216.473022 1349.364136 7 63
1074.537720 141.612167 3310.021973 2131.556885 13 63
1383.458496 163.634598 3532.004150 2100.986816 63 63
1191.433228 130.540924 3485.989746 2137.017822 66 63
