284.708466 1270.597656 344.865784 1384.091431 0 213
379.624420 1187.665283 429.254700 1297.200806 0 213
1239.177246 140.506775 1347.837158 258.257538 2 213
1245.750000 450.841461 1379.077271 617.383179 2 213
844.292786 263.679199 1011.274536 422.003143 2 213
1615.060059 415.701813 1757.300537 571.979797 2 213
1817.074463 818.506226 2053.803223 1075.998535 2 213
666.137451 930.086792 961.867981 1160.669800 2 213
670.461731 862.791199 974.311951 1182.447266 7 213
809.796387 1177.869751 1201.343384 1564.215942 7 213
1177.003784 242.536682 3504.203613 2064.982178 66 213
