1588.796631 374.618774 1720.311523 500.025879 2 85
1078.942993 213.663589 1174.943115 307.577911 2 85
855.025513 280.635223 990.253113 405.542419 2 85
1245.677734 528.067017 1384.378052 626.577698 2 85
1399.164673 117.045242 1477.838867 206.507599 2 85
1077.516724 128.032944 1157.794678 200.791733 2 85
1250.873779 183.425659 1337.209961 257.534180 2 85
1205.647583 52.751308 1282.038330 97.800056 2 85
1226.429077 123.648140 1326.513794 187.603668 2 85
969.674011 459.540344 1151.397949 631.517578 5 85
969.682556 428.900177 1154.295166 630.643005 7 85
1079.901123 811.949463 1339.660400 1069.663086 7 85
1695.077515 580.132141 1876.503174 813.273438 7 85
1597.655273 268.663330 3555.328613 2160.000000 13 85
1829.526733 257.759033 3759.123047 2160.000000 66 85
3254.152588 1086.184814 3822.353516 2135.100830 75 85
