513.285156 1023.971619 559.251404 1116.819458 0 117
381.536865 1186.118286 421.963470 1282.713745 0 117
453.532196 1101.669800 497.732697 1200.557251 0 117
1753.797852 883.255310 2004.181274 1255.353394 2 117
1063.978516 352.935425 1171.526245 461.509186 2 117
1250.911499 206.695282 1349.382690 296.230652 2 117
1043.457031 965.861145 1318.154541 1281.597168 2 117
1211.433960 92.304832 1288.743164 161.710953 2 117
858.418762 279.982544 984.854675 407.334229 2 117
1276.624878 326.402313 1366.658569 408.940979 2 117
1070.875732 203.031219 1172.617798 288.838104 2 117
1353.660034 84.256264 1426.346924 142.858200 2 117
1472.523926 236.330444 1577.665161 329.649445 2 117
1684.961426 541.774475 1858.172729 726.164185 2 117
1181.885498 8.001995 1239.313354 43.344551 2 117
1710.760620 890.867004 2046.622803 1228.018555 6 117
1012.277161 89.992096 3189.525391 2160.000000 6 117
716.611511 680.249573 1042.219849 1045.054932 7 117
1728.666138 885.424316 1983.141357 1246.190796 7 117
1334.758301 346.796692 3564.519043 2155.278076 66 117
