286.557800 1270.370850 336.146332 1384.571899 0 180
379.069397 1194.730591 432.240814 1287.734497 0 180
455.326416 1096.183960 496.292297 1196.495117 0 180
1237.027100 255.574600 1355.063232 387.028534 2 180
1200.877563 604.299988 1382.660767 757.917908 2 180
1197.247803 74.968979 1286.426880 152.068283 2 180
854.504883 283.208405 990.715332 401.766907 2 180
585.222961 967.899780 931.307373 1257.356079 7 180
1019.964233 999.890869 1291.337280 1304.257935 7 180
1808.527588 1076.411743 2076.423340 1473.834839 7 180
1503.720459 265.686249 1626.915405 383.325775 7 180
1632.848145 168.615753 3769.752441 2114.374023 63 180
1697.228149 434.821899 3731.331299 2084.982422 66 180
