286.093933 1279.670044 341.527802 1379.441040 0 181
381.186432 1190.954468 425.281647 1284.578613 0 181
456.887482 1103.635254 494.360779 1201.761353 0 181
186.575134 1383.215454 246.084808 1486.582642 0 181
1239.340332 283.179688 1353.149780 394.329956 2 181
985.652466 571.711182 1144.680664 670.688843 2 181
1200.259155 654.671387 1350.087524 772.164429 2 181
1520.321045 262.854065 1623.047607 387.853302 2 181
838.764709 272.248627 1006.991699 426.012360 2 181
578.842224 1036.222900 890.155029 1285.503540 2 181
573.955322 999.391113 920.072266 1270.446289 7 181
1009.889771 1110.301392 1243.545166 1347.333252 7 181
1805.504883 1092.167969 2067.286621 1495.031128 7 181
1242.049194 150.297195 1349.662109 382.383820 7 181
1545.181396 364.545349 3607.722168 2160.000000 66 181
