450.611877 1103.874390 498.522247 1203.240234 0 226
379.407410 1187.756836 427.480713 1287.094727 0 226
285.717804 1272.869995 337.228058 1383.250488 0 226
191.817184 1371.690796 245.889832 1493.654663 0 226
75.647850 1491.794067 130.206604 1614.300293 0 226
575.026428 967.407715 612.128174 1053.998779 0 226
623.634705 909.428040 657.687500 996.889526 0 226
1847.326050 981.591187 2126.053223 1327.188599 2 226
862.778442 284.099335 987.445312 404.571045 2 226
1245.333252 189.581329 1352.225220 313.464752 2 226
408.838470 1650.703491 1007.571777 2160.000000 2 226
1178.380981 584.694641 1373.037720 768.148926 2 226
1649.953247 514.944397 1818.877197 671.574402 2 226
1079.608887 56.018654 1155.599243 156.182083 2 226
404.947723 1113.109253 826.840210 1565.626465 7 226
