446.551208 1099.666870 501.774719 1194.652832 0 169
380.111450 1193.271973 427.446777 1286.793945 0 169
286.432556 1269.933350 341.324585 1385.717896 0 169
522.988586 1006.475769 566.515503 1128.908813 0 169
768.166199 805.522888 1002.997681 1013.314209 2 169
1236.856567 526.140259 1386.501831 632.052795 2 169
1228.942993 224.888062 1340.215698 333.298859 2 169
1670.124390 473.487823 1827.455933 631.745850 2 169
859.022827 287.385040 979.252808 398.969513 2 169
1027.539429 473.818329 1162.627075 572.227234 2 169
1161.067139 808.843872 1341.681274 1015.129333 7 169
1804.088135 512.321045 3766.137695 2024.037476 66 169
