622.380127 914.377502 664.285461 1039.768311 0 136
1249.576782 290.350342 1359.064453 386.312927 2 136
470.113983 1707.505615 998.090820 2159.732178 2 136
851.155396 283.780975 990.980713 404.249023 2 136
1217.352539 120.368149 1311.153076 213.370621 2 136
1729.783447 665.097412 1922.738037 869.194519 2 136
1053.618652 248.139252 1189.511719 370.110596 2 136
1261.658203 442.853699 1388.355469 553.656311 2 136
1319.825562 58.358513 1496.369629 207.034714 2 136
319.485565 1010.642029 823.898193 1588.078003 7 136
991.836975 457.718903 1155.373047 608.700134 7 136
1743.172119 1190.460571 2059.464111 1735.110962 7 136
1601.211182 159.781021 3797.212158 2101.608398 63 136
1656.799805 423.417755 3760.869141 2120.717285 66 136
