457.490387 1106.920532 494.544159 1192.779663 0 167
287.856293 1273.819092 336.511688 1379.002197 0 167
381.012726 1188.000977 427.826233 1281.642944 0 167
795.118652 747.536072 1050.294556 986.576538 2 167
850.499268 287.939178 987.744690 404.759766 2 167
1236.606079 226.779770 1334.553711 322.707581 2 167
1476.712280 195.991272 1555.336792 321.999176 2 167
1027.370605 437.722290 1169.498901 556.734192 2 167
1646.226807 473.575500 1817.153931 621.933044 2 167
1799.275146 1014.874573 2015.823608 1234.168579 2 167
1204.881470 475.344177 1388.057739 616.980591 2 167
1163.065796 749.289368 1345.256592 964.307373 7 167
1793.708008 890.884827 2011.077759 1234.555420 7 167
1340.425537 217.083084 3595.737793 2086.031250 63 167
1399.277100 377.846008 3535.196533 2121.670898 66 167
