447.854767 1105.313843 502.347076 1200.446289 0 157
620.456604 908.500854 671.690918 999.819458 0 157
380.650024 1190.751953 429.704529 1282.280396 0 157
286.219238 1272.804443 339.570221 1379.558594 0 157
1215.074097 182.609238 1334.296143 285.739044 2 157
854.199585 287.478088 988.136963 404.594635 2 157
1436.289185 178.853287 1536.091064 278.179321 2 157
1050.353027 371.925537 1177.835571 480.628143 2 157
1243.508057 406.016907 1380.934692 522.442017 2 157
1767.504028 907.152649 1982.981567 1090.404053 2 157
1019.659607 48.486668 3425.658936 2028.997070 2 157
885.975769 98.321106 3074.365723 2160.000000 6 157
899.302063 658.299377 1105.864014 816.105164 7 157
1233.870239 593.908936 1381.093872 785.251404 7 157
1436.795532 195.339081 3720.331787 2116.500000 63 157
1350.625488 361.832855 3576.011475 2128.821533 66 157
