381.411133 1188.999878 428.828247 1294.180176 0 250
449.608185 1104.664673 501.629822 1204.215942 0 250
576.557373 970.980530 611.140137 1053.885254 0 250
519.533142 1046.961670 568.749695 1139.764893 0 250
286.743500 1267.856323 339.623444 1385.936035 0 250
1021.062073 879.553833 1283.706665 1230.243896 2 250
1054.541016 46.244884 1159.333618 207.402176 2 250
1712.724487 710.919067 1925.117188 898.719604 2 250
855.008972 286.638336 991.825256 404.885986 2 250
1477.948242 82.838737 3689.594482 2160.000000 63 250
1497.257935 246.185974 3669.827637 2160.000000 66 250
1887.576172 1548.773071 2273.956543 2159.741455 67 250
