287.633636 1271.290894 339.690002 1386.190918 0 83
380.411926 1187.966431 429.625519 1291.457642 0 83
520.978943 1012.987793 569.653748 1130.084106 0 83
450.472687 1107.200439 498.971710 1206.418457 0 83
983.943054 445.992249 1156.677368 613.533264 2 83
1250.268433 182.892136 1339.511108 254.594177 2 83
858.816101 286.949493 987.270325 407.649628 2 83
1563.214111 349.075684 1714.399536 479.344238 2 83
1064.207642 206.138519 1169.403320 299.570129 2 83
1241.993408 504.036102 1377.254639 597.324463 2 83
1397.279297 134.151413 1490.900391 204.376480 2 83
1670.324707 577.475037 1854.523071 785.917236 7 83
1054.282959 108.979393 1160.508667 299.521393 7 83
1634.002441 364.188629 3749.519043 2144.643311 66 83
