524.393311 1021.026733 562.961609 1125.824585 0 11
576.055359 967.285583 612.870544 1052.989258 0 11
861.976440 284.709534 985.237610 403.742279 2 11
1070.015015 150.605728 1174.302490 234.977982 2 11
1209.260498 349.829376 1339.177002 473.638885 2 11
1082.634155 72.719078 1157.290161 118.197090 2 11
1245.062378 206.331924 1346.969360 294.210419 2 11
1428.586670 119.672691 1555.538940 290.218719 2 11
1347.623535 100.638023 1444.538330 174.934372 2 11
418.253754 1641.325928 960.693665 2156.110596 2 11
992.516846 21.004370 3200.354248 2160.000000 2 11
857.255127 271.595764 979.720093 422.278717 5 11
1168.625244 15.249251 3510.680420 2160.000000 63 11
