285.648834 1274.591797 339.995850 1382.107666 0 238
188.969589 1385.687622 245.362549 1486.037231 0 238
1870.310547 1226.149414 2165.738037 1677.675171 2 238
856.862793 283.946564 990.048462 399.624115 2 238
1247.630127 258.055115 1369.006592 374.149445 2 238
1864.132812 1198.374634 2161.462646 1665.295410 7 238
1686.957520 595.290710 1874.752441 781.501892 7 238
1134.945557 699.547424 1355.971680 945.163513 7 238
1651.234619 146.273117 3740.513184 2126.041016 63 238
1480.950684 311.773438 3673.015869 2160.000000 66 238
