956.125183 585.545532 1130.837158 741.757141 2 150
1219.262329 176.491577 1321.594482 256.113831 2 150
1253.879517 345.834473 1373.022583 468.847717 2 150
861.288147 284.908325 981.614380 404.246155 2 150
1232.097046 542.036560 1387.559570 695.380981 2 150
1592.074951 382.019318 1718.412231 501.945862 2 150
1691.245483 1547.180298 2099.287109 2160.000000 2 150
1059.973267 313.598755 1179.927002 450.540833 2 150
1415.732666 144.970657 1515.312744 249.787781 2 150
1765.359619 732.443115 1976.260010 1018.891235 7 150
0.000000 1498.442139 516.425232 2160.000000 7 150
1261.945801 547.115906 1385.623169 693.129028 7 150
1604.300537 12.552680 3764.009277 2160.000000 63 150
1677.363647 273.526031 3723.157959 2160.000000 66 150
