380.877686 1171.071533 430.834412 1270.121948 0 38
447.344116 1098.529297 499.242523 1200.953491 0 38
575.056335 969.782043 612.817261 1051.597900 0 38
192.593277 1382.984131 244.453690 1485.003540 0 38
1052.332520 236.649506 1190.989746 335.086761 2 38
1146.523315 582.190308 1328.541626 763.995728 2 38
858.513123 282.383514 988.406494 404.881531 2 38
1246.095703 325.287537 1367.442871 437.878632 2 38
962.477600 993.630371 1253.640015 1226.509766 2 38
1431.282104 178.806488 1527.115234 264.286072 2 38
1244.844116 188.213074 1350.224487 275.260498 2 38
1055.170654 51.970364 1165.876831 257.801270 7 38
1453.641235 338.055481 3468.186279 2160.000000 13 38
1547.076294 434.837921 3618.767090 2160.000000 66 38
