855.093506 282.608856 979.083191 403.370331 2 87
1592.855591 374.584686 1721.109009 509.344788 2 87
1224.987427 492.318390 1399.554932 641.555542 2 87
1260.775146 191.890854 1336.874268 259.442810 2 87
1404.947876 134.904434 1480.437134 207.374374 2 87
1207.019531 55.654446 1277.313721 103.116867 2 87
1078.633423 134.949417 1155.911743 203.529266 2 87
1080.747437 233.941833 1181.635864 318.355743 2 87
1226.847290 121.236984 1319.087891 193.430893 2 87
1335.302856 28.143251 1393.330078 79.648300 2 87
969.445312 419.284607 1157.852783 644.001709 5 87
1696.077271 592.380249 1874.088013 829.837158 7 87
1063.019165 879.098938 1307.106567 1115.825928 7 87
1575.655151 362.406097 1726.664917 514.688477 7 87
1549.502319 25.843618 3594.359619 2160.000000 13 87
1725.640381 268.940735 3674.604248 2160.000000 66 87
