283.973389 1271.038696 341.782257 1386.016968 0 131
1034.457886 437.705261 1156.276489 557.428528 2 131
857.793701 286.212158 986.105957 400.072144 2 131
1195.823242 125.376770 1306.514526 204.614975 2 131
1253.192017 368.392395 1372.327637 511.660522 2 131
1755.798584 1137.641724 2051.462646 1575.739380 2 131
1329.719116 98.731491 1462.683472 185.627853 2 131
1521.539062 285.284821 1631.293823 398.301422 2 131
1057.009766 244.092163 1201.754395 341.817139 2 131
1241.149780 359.535706 1389.191650 520.541016 5 131
1760.113770 1098.998291 2039.451538 1569.864014 7 131
460.867645 903.429077 884.806519 1394.612671 7 131
609.393188 1389.187988 1145.114136 2089.297607 7 131
1567.084595 201.820663 3834.833008 2091.466309 63 131
1635.987671 443.943542 3777.541260 2080.513672 66 131
