380.311493 1186.083252 431.489990 1285.562134 0 30
449.986633 1100.454224 499.638428 1197.595337 0 30
864.745300 282.358917 983.904602 402.270111 2 30
1056.298218 192.980911 1185.275879 309.643799 2 30
1171.374512 481.074463 1335.508789 657.231750 2 30
1249.251831 288.426453 1355.570435 395.148804 2 30
1083.450317 773.489746 1293.220947 986.071106 2 30
1402.852295 156.071198 1498.875977 242.217972 2 30
1050.619019 129.585800 1175.440918 307.323517 5 30
1203.497070 157.391617 3473.771729 2133.327881 63 30
1277.674194 387.335785 3401.788574 2123.666748 66 30
