379.913940 1179.249512 426.199158 1272.626465 0 276
447.907959 1105.117676 499.011810 1199.540161 0 276
619.730957 908.070984 667.496094 999.269897 0 276
521.830017 1027.098633 570.365784 1123.487915 0 276
286.638916 1273.092896 339.532837 1378.009155 0 276
572.848145 968.474731 610.457092 1055.331055 0 276
856.203918 282.905945 986.358643 407.478760 2 276
1065.177490 170.585739 1170.859741 295.562531 2 276
1090.045532 13.160876 1179.686035 143.759537 2 276
1186.446045 532.492554 1352.643555 724.597656 2 276
1819.147339 970.780151 2050.978516 1285.485229 7 276
1075.037354 14.389342 1181.779541 144.739609 7 276
434.591583 1740.524780 909.941040 2159.231934 7 276
1399.741455 86.723549 3523.727295 2149.172119 63 276
1726.355835 470.662048 3696.197021 2050.065674 66 276
