451.822205 1102.685791 499.076752 1198.458130 0 86
1236.951294 482.764984 1389.429810 632.519165 2 86
1071.712524 237.504944 1180.921875 314.289307 2 86
860.805115 285.553070 986.908569 407.527649 2 86
1254.340088 183.890640 1336.535645 262.878662 2 86
1044.279297 863.673340 1312.909424 1099.818359 2 86
1581.546631 371.484589 1728.301025 505.143341 2 86
1201.099243 55.385223 1274.849365 97.858826 2 86
980.829895 421.190979 1160.373291 640.627747 5 86
1684.518555 588.881226 1879.051514 822.399292 7 86
1048.544434 789.706482 1309.439331 1099.339722 7 86
1367.879028 56.328960 3560.949707 2160.000000 63 86
1418.268433 258.558411 3505.224854 2160.000000 66 86
