450.874481 1103.062134 498.977600 1198.226074 0 151
523.080200 1025.007080 563.449280 1124.611084 0 151
287.030701 1278.123535 342.916443 1381.690674 0 151
575.991211 967.288147 611.309570 1054.132080 0 151
859.708679 281.644806 986.563843 404.959930 2 151
1240.377441 363.761780 1384.379395 483.334198 2 151
1224.320801 170.879852 1315.357910 261.190430 2 151
1428.921265 144.850845 1523.042969 252.901138 2 151
1760.896118 849.755127 1977.056030 1020.316956 2 151
1058.076416 321.082977 1170.114014 446.845520 2 151
1716.736816 1583.409058 2082.587402 2160.000000 2 151
1601.665161 373.188141 1723.230469 504.079041 2 151
1248.375366 588.132202 1381.775879 707.286255 2 151
1733.831177 1596.250854 2062.230713 2152.521729 5 151
946.316223 584.124146 1122.984619 746.381897 7 151
1432.566284 274.987885 3485.093750 2160.000000 66 151
