287.513611 1279.204468 341.773376 1378.189453 0 51
861.824890 287.459198 986.084839 402.886383 2 51
1242.027832 443.838257 1373.346191 554.821472 2 51
1248.327515 232.945389 1360.613281 343.961761 2 51
1058.818970 757.076965 1282.946655 1006.531189 2 51
1074.069702 122.765800 1164.142944 205.122742 2 51
1042.734985 239.813110 1174.806274 398.203461 5 51
1051.444702 89.971725 1162.912720 342.225586 5 51
655.699158 1356.571777 1042.374268 1808.387329 7 51
1053.692017 96.642372 3375.433594 2153.436279 13 51
1637.595947 128.801651 3720.412598 2151.120361 63 51
1689.766602 283.905945 3691.752686 2160.000000 66 51
