520.806030 1046.229492 570.586609 1143.137451 0 248
450.205902 1111.703247 501.056427 1199.919800 0 248
377.909882 1193.878540 432.777130 1289.920532 0 248
570.116211 956.517395 615.730408 1049.585083 0 248
854.778198 285.798340 985.713928 406.235718 2 248
1241.671143 289.877106 1383.011230 441.276947 2 248
1047.050049 69.714203 1154.505249 205.367416 2 248
1892.515503 1501.821533 2225.682373 2160.000000 5 248
1037.850952 863.060974 1326.182861 1161.423096 7 248
1044.523438 46.760899 1156.903564 209.454224 7 248
1628.761719 441.936249 3760.076904 2110.701172 66 248
1877.644897 1510.065430 2241.057373 2141.766113 67 248
