379.265045 1173.124878 434.582001 1275.454712 0 37
523.579041 1016.566284 569.636780 1126.372803 0 37
982.405090 936.254700 1250.219482 1176.691284 2 37
1058.748901 225.608017 1179.383667 334.314972 2 37
1240.413208 176.851257 1332.582764 271.751617 2 37
1246.640503 324.405548 1366.847412 443.948914 2 37
1149.950317 587.665894 1342.906372 750.028198 2 37
859.167419 287.688446 987.302368 403.348816 2 37
1434.893799 175.471329 1522.093872 263.326263 2 37
1525.819946 305.639984 1644.670044 423.202148 2 37
1070.133179 104.698898 1160.617310 170.666077 2 37
1222.916504 91.270805 1267.794556 125.475418 2 37
1331.287476 53.301140 1376.438965 88.008781 2 37
977.791077 0.000000 3456.550537 2137.158936 13 37
1412.443237 52.444492 3517.012451 1776.300049 40 37
1560.068970 381.626221 3833.823242 2137.282471 63 37
1241.708252 382.961517 3449.723389 2139.382324 66 37
