379.999329 1192.452515 434.147095 1279.514648 0 258
453.578766 1099.814453 496.811462 1206.960938 0 258
572.552917 968.357361 610.683594 1052.663940 0 258
829.641724 1046.064575 1233.676514 1491.528076 2 258
1055.040161 145.232040 1156.729614 232.292969 2 258
855.711975 282.331116 989.850708 405.001465 2 258
1244.541748 372.086761 1372.557373 528.130188 2 258
1754.656128 758.289124 1953.144287 997.520996 2 258
1082.264771 37.946487 1160.424194 109.642693 2 258
1707.046753 345.876587 3664.177002 2152.154785 66 258
