283.333069 1278.421753 344.173920 1378.381226 0 246
451.086060 1108.981201 495.541626 1211.290039 0 246
380.792908 1190.176758 426.704865 1289.977905 0 246
520.021362 1045.086060 576.355347 1144.858398 0 246
574.418152 968.485291 610.978455 1053.832153 0 246
838.147034 274.859833 1018.210693 424.050262 2 246
1014.636353 817.310547 1335.993042 1129.530640 2 246
1715.900879 659.179993 1897.958496 865.148438 7 246
1890.336182 1408.557007 2219.425537 2038.625244 7 246
1012.813416 784.079529 1333.858154 1107.672241 7 246
1240.207031 306.025055 1376.302490 427.227600 8 246
1463.952637 459.635315 3462.590332 2160.000000 66 246
