1753.995361 1164.605713 2051.883057 1617.247437 2 133
857.809021 282.230164 981.341919 405.101959 2 133
1249.787964 260.997955 1353.947266 372.110931 2 133
1210.659668 121.986916 1304.377563 205.916962 2 133
1065.025024 255.956940 1176.628296 356.371735 2 133
1530.165283 301.359436 1636.956909 409.011017 2 133
510.479828 1524.480225 1081.678589 2147.300537 2 133
1726.313110 638.087036 1919.354614 847.309509 2 133
1274.902710 408.095947 1388.871826 526.724243 2 133
1392.150879 125.060913 1469.225708 190.885956 2 133
1021.757080 446.290375 1152.431641 581.232483 2 133
1023.961426 428.898346 1147.537964 581.946594 5 133
421.485443 962.470703 867.632080 1475.692017 7 133
1026.457153 430.529572 1150.218872 579.724121 7 133
1781.121460 370.639557 3642.443359 2127.458984 66 133
