380.872772 1175.959351 420.942261 1274.896729 0 181
454.955719 1100.879883 498.100464 1196.617554 0 181
579.021790 997.579834 925.762634 1278.741455 2 181
1014.298645 1019.152039 1254.804443 1345.800171 2 181
817.937378 266.637482 1005.569275 420.819824 2 181
987.136536 552.107117 1140.439331 670.474304 2 181
1198.560913 590.442078 1386.609375 772.399963 2 181
1214.432983 255.474228 1343.760620 392.467560 2 181
1498.774292 282.851135 1615.135986 388.407776 2 181
1210.215332 63.856998 1286.822510 147.332260 2 181
1082.485962 9.402465 1154.766846 75.310814 2 181
1823.418701 1086.921997 2066.768555 1490.711182 2 181
1009.821716 1053.229248 1249.369141 1362.867920 7 181
1702.919922 544.008240 1883.025391 725.178772 7 181
1810.368042 440.452637 3792.270020 2081.289551 66 181
