381.783264 1176.351196 420.001892 1278.364746 0 192
521.413208 1022.791077 563.877319 1123.403320 0 192
576.490479 966.104126 609.870178 1057.353516 0 192
457.121277 1100.053711 495.201385 1196.859619 0 192
74.842216 1472.462891 136.543198 1618.066040 0 192
626.042114 908.984375 656.685059 997.120789 0 192
1545.714111 323.630646 1652.203247 449.991730 2 192
1129.459106 758.414429 1360.098999 950.809570 2 192
1237.414795 334.211395 1362.600098 456.920685 2 192
275.094147 1239.937988 749.884888 1690.262573 2 192
861.395020 283.840118 984.419922 404.457428 2 192
1213.934814 96.683289 1293.206665 181.567596 2 192
920.784485 686.698486 1089.496216 796.350464 2 192
938.536804 604.299988 1112.755005 770.934204 2 192
1083.119629 30.679090 1155.717529 103.694908 2 192
772.595398 1422.718262 1095.697266 1865.391724 2 192
1733.513916 647.215881 1948.753418 822.417358 7 192
774.440979 1377.725586 1126.607666 1880.885132 7 192
295.250458 1203.671875 750.953369 1643.021118 7 192
1806.835693 1325.608032 2107.989746 1829.997192 7 192
1740.086548 379.309601 3677.718506 2123.499023 66 192
