286.065704 1272.136353 341.277161 1380.929443 0 183
448.826202 1108.036133 500.064789 1201.349854 0 183
522.719727 1022.344360 568.331055 1126.006836 0 183
380.774261 1186.084839 428.354919 1286.476074 0 183
1246.699463 283.740112 1347.893433 402.302277 2 183
863.732971 281.754791 985.595703 405.750153 2 183
1199.818604 91.228973 1294.308960 163.361542 2 183
1518.237183 281.289124 1621.021606 397.530182 2 183
1710.130005 584.913696 1876.867065 745.451599 2 183
970.704651 1074.254272 1245.625366 1399.083008 2 183
1166.030518 669.614136 1386.474365 800.935120 2 183
538.395874 1016.286316 886.284180 1351.754272 7 183
975.604309 1034.851074 1249.423706 1415.875610 7 183
969.748962 532.217773 1134.971191 690.584290 7 183
1812.962402 1123.966309 2083.953369 1538.685547 7 183
1723.370850 562.731812 1888.268066 740.109985 7 183
1585.247437 348.050049 3801.103271 2140.787109 63 183
1283.898071 373.212311 3414.678711 2136.610107 66 183
