2045.820801 216.519455 2215.995361 658.596924 0 292
1977.776123 131.752625 2391.815430 287.855988 2 292
2344.385498 169.325394 2815.799561 355.072388 2 292
2634.400146 127.100479 2919.648438 290.790802 2 292
3058.649414 145.147354 3249.328125 286.149780 2 292
768.766724 231.320450 887.674133 319.694000 2 292
2505.625977 73.613770 2743.227051 173.273041 2 292
673.997681 227.269119 1342.639038 579.502441 7 292
2520.398438 63.289371 2731.455322 162.979309 7 292
1572.129517 36.066914 1946.965332 175.393280 7 292
748.325684 1474.762451 2213.513428 2160.000000 67 292
