2282.639648 132.574768 2351.528320 306.351685 0 16
1980.378906 119.165031 2386.052246 297.334656 2 16
2337.442871 168.738083 2823.693604 344.409454 2 16
2631.724365 124.991219 2920.034912 293.542542 2 16
3056.838867 146.366028 3247.645752 287.964691 2 16
775.977966 226.094040 924.769348 319.726166 2 16
2511.066162 79.247871 2739.002197 168.602707 2 16
674.386292 231.719620 1337.473022 579.934021 7 16
1565.713989 40.831829 1947.538452 166.525833 7 16
710.184509 1469.448730 2136.121826 2160.000000 67 16
754.731384 1460.316406 2208.841553 2160.000000 73 16
