2238.367432 161.436417 2338.415771 428.912079 0 175
1959.813843 122.783539 2385.924072 294.332306 2 175
2381.272461 174.715225 2796.452637 341.628204 2 175
3056.010498 145.640945 3263.022705 287.641968 2 175
2632.931885 126.152794 2922.550781 290.212097 2 175
769.839111 232.808640 888.720398 318.772980 2 175
2512.922119 64.076042 2733.478516 161.735794 2 175
2894.497803 133.886368 3068.648438 233.644058 2 175
664.439697 234.725861 1352.206055 572.375793 7 175
1551.302490 36.903130 1957.757568 170.587906 7 175
747.634094 1480.974121 2222.092285 2160.000000 67 175
