2270.280029 134.716980 2326.478271 315.191223 0 31
1977.301392 117.785217 2386.211670 298.974945 2 31
2340.145508 168.533234 2825.109375 345.174835 2 31
2633.809570 124.611389 2920.071533 293.639465 2 31
3058.302002 146.763138 3247.222412 288.750000 2 31
777.228882 225.723251 926.919556 319.221252 2 31
1582.892700 60.612942 1735.078491 164.698669 2 31
2511.170654 78.755600 2740.751465 169.208786 2 31
679.195374 234.374527 1335.460693 575.318054 7 31
1566.467407 41.079193 1947.132935 168.033356 7 31
766.342773 1469.898315 2197.859375 2160.000000 73 31
