2029.348633 226.598846 2205.119873 680.252930 0 297
1980.900757 128.835754 2387.613281 285.076447 2 297
2344.003174 165.619461 2807.145508 340.135895 2 297
2637.457275 125.187714 2919.252930 292.820526 2 297
3057.593750 149.149460 3242.813232 290.876984 2 297
774.149597 212.732834 936.376587 315.018982 2 297
2519.851562 66.853180 2729.706787 162.797684 2 297
687.240662 239.052078 1339.779053 565.690918 7 297
1579.472534 39.892727 1943.920776 166.637299 7 297
752.844543 1469.519897 2230.652832 2160.000000 67 297
