2054.847656 220.915939 2244.974854 642.331299 0 287
1977.363647 130.577087 2390.638672 287.102509 2 287
2383.447021 175.032913 2793.057373 342.922760 2 287
2637.703369 126.708977 2920.971191 293.232635 2 287
3055.487549 143.940125 3252.610596 289.097198 2 287
768.095093 233.164429 889.961487 318.277100 2 287
2506.146973 77.565758 2743.021484 171.699127 2 287
670.665771 238.668808 1340.443237 573.119385 7 287
2518.693604 60.860592 2735.486816 165.232193 7 287
1558.604858 35.353775 1955.646606 170.536758 7 287
754.065674 1488.693848 2231.143799 2159.593994 67 287
