1850.330688 299.658142 2072.686768 875.720520 0 336
1959.869507 129.621964 2382.719971 290.251678 2 336
2342.485596 165.990250 2817.177246 342.001984 2 336
2632.641357 124.923355 2920.043701 292.527344 2 336
3055.181396 145.126419 3250.667969 290.191254 2 336
776.731873 225.969070 922.383667 318.909271 2 336
1583.281982 59.333950 1736.407593 165.200607 2 336
2507.204346 77.101418 2744.632080 169.985611 2 336
674.427307 232.247986 1334.933350 582.116272 7 336
1572.522949 41.267391 1947.121704 167.064728 7 336
751.958008 1468.846558 2217.084717 2160.000000 67 336
