1605.694336 385.466187 1892.850830 1093.284424 0 365
1969.892700 128.389084 2376.226562 290.011475 2 365
2342.065186 165.202316 2811.167480 339.536560 2 365
2635.590332 126.071770 2918.755615 292.131714 2 365
3056.622314 151.843170 3244.818848 288.733063 2 365
773.781860 213.551086 937.042725 314.905670 2 365
2897.566650 136.326599 3062.808594 232.755417 2 365
684.515503 235.924744 1340.962769 568.075745 7 365
1574.133667 37.413136 1949.947021 165.531113 7 365
750.109924 1466.687256 2217.041748 2160.000000 73 365
