2198.412842 165.477554 2311.653076 481.236053 0 213
2382.730713 174.601700 2793.191406 342.412811 2 213
1954.326416 126.332237 2399.666748 298.622559 2 213
3057.065186 150.972275 3251.845459 288.714294 2 213
2634.019775 125.486977 2918.071777 291.575531 2 213
773.875183 225.525620 926.091309 320.422089 2 213
2508.934814 81.040184 2740.530273 169.531158 2 213
2898.156250 134.922516 3071.407959 234.140961 2 213
1583.170410 59.652267 1737.874390 164.917938 2 213
671.362793 238.111145 1346.431396 574.326172 7 213
1563.000732 39.546314 1951.897339 169.538940 7 213
772.343872 1473.910156 2199.025635 2160.000000 67 213
