2115.228027 173.217422 2252.906494 573.843262 0 264
2380.197754 173.744415 2794.820801 342.980774 2 264
1965.072632 131.242676 2376.558594 290.944977 2 264
2640.627930 125.180847 2917.293457 292.863800 2 264
3059.207520 148.717911 3251.017822 290.141235 2 264
773.365601 215.848831 936.921082 313.745239 2 264
1581.472412 60.503136 1737.604370 165.181152 2 264
686.720337 229.328949 1338.015869 571.702026 7 264
1577.378296 40.047108 1944.273926 170.490524 7 264
758.493164 1474.003296 2197.858887 2160.000000 67 264
