2247.612305 145.375900 2335.377930 349.130829 0 82
1980.073608 120.987961 2386.796143 300.050232 2 82
2379.594238 175.676865 2796.185547 342.130035 2 82
2632.498047 125.972664 2918.938721 291.775574 2 82
3054.844727 146.472000 3251.776123 287.612457 2 82
2520.746338 63.003155 2734.231689 164.117874 2 82
769.047363 233.308853 888.434326 318.279388 2 82
1583.371216 60.006348 1740.028198 165.629074 2 82
670.204834 234.371094 1343.968018 565.567444 7 82
1545.715210 34.185905 1965.652222 169.422211 7 82
762.803162 1477.776367 2224.270264 2160.000000 67 82
