2257.943848 154.878143 2348.420898 371.255920 0 116
1971.031372 122.250015 2388.585449 292.547943 2 116
2380.014404 175.010712 2797.646240 341.362244 2 116
2632.782227 127.163536 2922.264160 292.274078 2 116
3055.367920 145.598602 3247.447021 286.565552 2 116
774.221375 227.139801 923.061279 318.130402 2 116
672.242432 227.929672 1343.224609 582.288208 7 116
1564.545288 37.961422 1954.071533 173.240768 7 116
2519.982666 62.123619 2731.334473 162.206711 7 116
766.787170 1473.478027 2197.021484 2160.000000 67 116
