1899.298706 277.263336 2108.180420 820.970520 0 329
1976.617065 131.248169 2382.265625 291.174072 2 329
2351.253418 170.021194 2810.832031 348.473480 2 329
3055.215088 146.341537 3253.454102 290.092834 2 329
2637.315918 126.251442 2918.155029 291.532288 2 329
771.817505 233.377182 889.760437 316.688782 2 329
1580.757568 58.945423 1738.418457 167.345917 2 329
2898.515625 134.810486 3076.491455 232.734818 2 329
2511.902344 74.102837 2728.750488 173.320190 2 329
664.628296 227.939285 1347.469116 576.739624 7 329
2518.164062 60.949284 2724.736816 163.156570 7 329
702.554565 1486.446899 2284.499268 2152.310791 67 329
