2249.069824 148.582413 2345.132812 350.100739 0 86
1969.454590 122.267868 2395.646729 299.336121 2 86
2381.416504 176.888458 2792.442383 343.482391 2 86
2635.360596 126.317360 2918.242676 291.245270 2 86
3058.090088 147.897705 3247.473633 287.693237 2 86
772.065979 215.355026 937.569214 313.665253 2 86
2898.186279 132.787735 3064.949219 234.200699 2 86
1581.705566 59.807049 1736.692017 166.558670 2 86
2505.924805 80.246536 2746.059326 169.225723 2 86
674.672668 238.525299 1348.562744 564.855408 7 86
1580.298096 39.570118 1946.897217 166.139938 7 86
755.901855 1476.377441 2202.145020 2160.000000 67 86
