2192.921875 159.734451 2302.446777 481.825195 0 219
2339.536865 167.391922 2817.150391 342.750885 2 219
1958.600342 126.810257 2398.645264 294.538300 2 219
3057.590820 151.113846 3242.950684 290.542480 2 219
2634.280029 124.882500 2918.938232 294.196899 2 219
779.123352 226.796707 924.721802 320.018433 2 219
2900.480225 136.343765 3063.995117 232.814468 2 219
679.996094 237.358002 1346.318970 565.425293 7 219
1576.744629 38.612476 1945.646606 167.016098 7 219
2208.378906 468.390167 2315.475342 513.661621 36 219
760.780457 1471.393555 2210.901611 2160.000000 67 219
