2210.869873 145.026398 2326.148438 437.005432 0 190
1953.076294 127.826149 2396.207520 295.468567 2 190
2383.313232 178.369202 2796.254395 341.532867 2 190
2635.854004 126.418869 2918.517334 292.541290 2 190
3057.279541 145.651016 3266.571045 286.216736 2 190
774.774109 227.415604 921.524109 319.220795 2 190
2892.770264 133.030930 3071.286621 234.494919 2 190
2505.381592 75.663292 2743.545654 171.818375 2 190
674.538452 231.938766 1352.176270 562.326233 7 190
1558.484375 36.260090 1955.042114 170.587448 7 190
2515.876465 60.804401 2727.930420 162.625000 7 190
726.821472 1481.446533 2253.245850 2160.000000 67 190
