2248.861084 139.265900 2345.647705 359.832672 0 98
1963.489746 123.356201 2389.051025 298.809448 2 98
2341.079102 165.624832 2827.211670 345.762390 2 98
2635.832764 125.116989 2916.682373 293.078491 2 98
3056.954346 142.733231 3257.137207 291.167206 2 98
772.693909 216.305801 940.061340 313.343445 2 98
1582.084717 60.356136 1735.800903 166.684677 2 98
679.379944 231.390823 1349.381836 567.138062 7 98
1574.894775 42.074600 1949.207031 166.550430 7 98
752.399414 1475.364258 2214.036621 2160.000000 67 98
