2254.625244 140.149384 2319.028320 325.524414 0 60
1970.944702 119.855682 2391.393799 301.706879 2 60
2344.625000 166.769363 2813.495117 341.770355 2 60
2638.144043 125.854675 2918.494629 291.014648 2 60
3057.019287 150.361969 3241.179932 289.358002 2 60
776.931885 227.035782 926.605652 319.480469 2 60
2520.296875 68.599892 2729.513672 161.705353 2 60
1580.213623 59.579025 1737.317627 166.986572 2 60
683.782471 236.038498 1340.845581 565.636353 7 60
764.927795 1467.819336 2207.532471 2160.000000 73 60
