1605.857056 379.555084 1893.226196 1102.199219 0 364
1965.749023 128.286896 2376.563477 292.273163 2 364
2336.062988 166.226913 2811.641846 330.761597 2 364
2633.624023 125.031845 2917.495361 293.595520 2 364
3057.904541 148.097641 3244.957031 294.214203 2 364
1580.409546 58.884083 1735.121704 165.876038 2 364
777.406677 211.841339 937.911682 315.418823 2 364
685.753174 238.605865 1340.245972 563.036011 7 364
1582.790649 39.270912 1943.465332 162.469360 7 364
752.666382 1461.919434 2215.655273 2160.000000 67 364
