894.830017 949.381226 1364.228149 1601.579102 0 414
1964.047241 128.715240 2382.020264 291.325714 2 414
2341.382324 164.295944 2825.391846 340.928162 2 414
2634.718750 123.196671 2919.859863 292.116272 2 414
3054.762939 144.834366 3250.401611 289.752960 2 414
775.420288 226.885056 929.051147 318.351715 2 414
1582.980591 60.625130 1738.068848 165.602173 2 414
2528.269287 66.096436 2725.433105 160.019638 2 414
676.750671 232.751297 1335.187622 576.304993 7 414
1565.720825 37.293373 1950.339600 168.198837 7 414
