2285.500488 131.797592 2353.550293 307.250610 0 10
1979.821655 119.414345 2387.577881 298.054016 2 10
2338.874268 167.453720 2823.976562 346.386200 2 10
2629.909668 124.665405 2921.725586 293.096558 2 10
3055.887207 142.389099 3244.860352 291.469910 2 10
775.986389 226.184799 925.384216 319.104187 2 10
1580.305786 61.348625 1735.271729 164.823059 2 10
674.314941 230.074875 1330.967041 577.498474 7 10
1568.239502 39.416080 1947.026245 165.394806 7 10
766.216492 1478.468140 2205.966553 2160.000000 67 10
