2237.604004 149.871246 2343.409180 432.718384 0 172
1964.149170 122.753899 2385.895508 291.315308 2 172
2379.481934 175.453018 2791.559082 342.133453 2 172
2632.965820 124.795410 2920.216309 293.382660 2 172
3054.324463 145.254364 3258.593262 287.224945 2 172
1583.537720 60.413128 1736.737915 165.565094 2 172
773.780457 213.820251 942.306335 315.044830 2 172
2514.243896 91.832710 2625.940186 167.242233 2 172
681.750854 231.883377 1341.674561 562.125549 7 172
724.655212 1473.342285 2244.070068 2160.000000 67 172
