2275.284912 136.115570 2336.658203 309.548462 0 16
1976.881592 120.448715 2387.586670 303.281586 2 16
2387.806641 172.711014 2797.066650 342.641815 2 16
3055.652344 146.638748 3251.544922 287.236053 2 16
2633.287354 128.097946 2921.002441 289.225037 2 16
768.070312 230.883163 889.500366 319.394043 2 16
1586.850830 57.969929 1736.859253 166.099655 2 16
2849.965332 113.572021 3074.467285 228.132462 2 16
2508.197510 76.911903 2741.046387 173.068985 2 16
673.947388 230.233368 1341.276978 576.358765 7 16
2515.707520 63.120342 2729.180420 163.739883 7 16
1567.739990 36.194572 1953.158447 166.995728 7 16
686.888977 1484.750854 2155.255371 2160.000000 67 16
716.093323 1493.658569 2260.479492 2150.021484 73 16
