2210.273926 138.916626 2324.317139 451.918701 0 202
1960.817261 123.213837 2383.877930 292.189514 2 202
2342.726562 165.325577 2824.903076 345.531799 2 202
2637.887939 124.396812 2918.732910 293.900269 2 202
3057.419922 148.599915 3248.516602 290.021667 2 202
772.354004 215.639526 939.589600 313.353760 2 202
2509.507568 77.371727 2739.041260 169.964432 2 202
677.197632 232.285294 1341.586182 570.767212 7 202
1577.157593 41.905914 1942.067749 166.615433 7 202
758.450195 1481.035889 2204.609375 2160.000000 67 202
