2250.447754 142.981674 2333.016113 349.866364 0 75
1979.803955 119.636185 2395.190186 299.229675 2 75
2375.580566 172.925247 2796.812256 344.505585 2 75
3056.842041 145.822220 3244.463623 288.095612 2 75
2638.941162 127.087776 2916.767090 292.790192 2 75
771.708984 234.007858 889.214844 318.689789 2 75
2513.215332 62.236000 2733.088867 162.752029 2 75
1428.495361 96.704918 1610.472900 172.877304 2 75
665.574951 225.274536 1349.139648 581.182556 7 75
1561.033691 37.608143 1958.835938 170.769073 7 75
703.514587 1482.885254 2284.329834 2154.637451 67 75
