2140.733643 152.207672 2252.622070 582.074280 0 250
2338.931885 168.641266 2824.719971 340.816467 2 250
1963.489746 127.449753 2379.277344 296.122833 2 250
2636.244385 123.676750 2921.209961 293.374084 2 250
3058.459961 147.958588 3255.241455 290.180054 2 250
772.459534 214.536194 941.357361 314.395050 2 250
1582.331787 59.295269 1736.922485 165.646927 2 250
683.128113 232.957642 1340.727783 565.031311 7 250
2175.164795 520.861816 2274.168457 590.407288 36 250
768.822571 1472.015625 2192.492676 2160.000000 67 250
