1809.632690 287.012787 2050.167725 899.555908 0 341
1961.608154 130.626404 2382.366699 288.864990 2 341
2341.576172 165.925812 2819.984619 341.563995 2 341
3056.948730 147.325500 3245.513672 289.582214 2 341
2633.419434 124.401962 2919.770264 293.435303 2 341
774.978760 225.268127 927.085938 320.325500 2 341
1582.978149 59.414345 1738.612061 165.547928 2 341
2508.181641 76.287514 2745.001953 170.229599 2 341
675.983948 234.426941 1330.988525 579.434265 7 341
748.663696 1470.329224 2218.202637 2160.000000 67 341
