2095.494873 214.144699 2255.014404 591.551392 0 271
1956.859741 131.307556 2390.320312 297.112976 2 271
2337.892090 166.586594 2823.082764 343.264832 2 271
2639.617676 125.623161 2917.941162 291.206360 2 271
3058.889648 145.218079 3248.572754 289.556000 2 271
772.348328 216.152557 938.268433 314.205292 2 271
1582.766968 60.360886 1737.547241 164.996674 2 271
682.047913 234.892715 1346.070923 565.850830 7 271
1578.705200 42.868477 1944.328613 170.990738 7 271
754.850769 1480.858276 2199.412842 2160.000000 67 271
