1534.954834 358.986389 1846.550659 1159.651245 0 371
1965.907471 128.870193 2382.846680 290.870911 2 371
2338.053711 165.460159 2826.132324 340.699402 2 371
2632.641357 123.369247 2920.809082 293.206665 2 371
3054.380371 144.189255 3258.180908 293.025391 2 371
776.255005 226.977875 927.646362 318.149506 2 371
668.546082 230.995316 1334.775269 584.796509 7 371
1562.883301 41.544968 1948.243896 166.913788 7 371
714.618896 1475.830444 2124.200439 2160.000000 67 371
736.903931 1471.389038 2222.167969 2160.000000 73 371
