1410.941162 419.203705 1740.625122 1359.083374 0 383
1966.407715 127.394020 2379.305176 291.629791 2 383
2340.465820 164.905807 2824.127441 343.157837 2 383
2631.503418 124.608757 2917.196289 292.935303 2 383
3055.585205 145.770264 3261.849854 288.577881 2 383
774.082581 215.225250 937.823608 313.009735 2 383
682.774902 222.826523 1349.173218 569.577698 7 383
1570.383911 40.078064 1949.198364 171.209900 7 383
762.646057 1493.636963 2203.832764 2160.000000 63 383
700.266785 1488.579224 2132.019043 2160.000000 67 383
