2188.978271 169.102585 2301.053955 495.857483 0 223
2340.584473 166.819717 2812.619385 340.222412 2 223
1957.271484 127.043945 2398.451660 295.083496 2 223
2636.129150 124.367516 2917.821045 294.724243 2 223
3057.991699 150.439102 3241.525146 290.561920 2 223
773.917297 214.254562 939.110352 314.367462 2 223
2899.308594 135.405807 3065.936279 232.334274 2 223
2519.269043 68.278084 2729.250244 161.853088 2 223
681.941833 239.940933 1341.865845 566.489136 7 223
1576.796509 39.000259 1943.859009 166.247849 7 223
2204.018555 475.194366 2312.588379 521.371948 36 223
761.202087 1471.291016 2217.478027 2160.000000 67 223
