2248.931885 150.839294 2336.300293 347.108429 0 82
2386.652344 176.038391 2791.318115 341.533234 2 82
1976.442383 122.712128 2387.566406 299.661133 2 82
2633.600830 125.652458 2921.142334 292.758148 2 82
3056.798828 144.665329 3241.913574 288.498108 2 82
2507.448242 73.652397 2739.035889 172.604584 2 82
776.975403 226.207230 922.235352 320.613647 2 82
662.312256 230.581619 1359.177734 577.819580 7 82
1552.274414 37.535816 1957.204224 172.997574 7 82
748.579346 1485.381226 2234.744141 2160.000000 67 82
