2106.024658 193.793671 2253.617432 578.394531 0 267
1951.162354 130.517685 2388.532227 292.942291 2 267
2337.162354 167.665207 2822.865723 341.031982 2 267
2640.328857 124.794495 2917.390137 292.800842 2 267
3059.636475 147.779724 3247.239014 289.582306 2 267
773.012878 215.973465 939.005310 313.872864 2 267
1583.171631 60.550686 1736.054443 165.238022 2 267
684.118835 230.152344 1341.192749 570.902893 7 267
1580.970703 42.247578 1942.698120 170.811295 7 267
753.810242 1470.854126 2206.595215 2160.000000 67 267
