2248.828613 144.667740 2334.054199 355.877350 0 90
1978.473267 120.324547 2384.628662 299.334625 2 90
2379.477783 177.304672 2797.365234 342.645691 2 90
3056.411621 145.429108 3260.904297 284.697296 2 90
2629.803955 127.166969 2921.686768 290.841064 2 90
776.180359 226.870071 923.691528 319.223663 2 90
1584.320190 58.329330 1739.351440 166.085342 2 90
2892.202881 133.139191 3069.629395 232.694763 2 90
2506.483398 75.163475 2739.500244 173.116135 2 90
680.809814 231.143173 1336.599609 575.065796 7 90
744.082764 1484.898804 2252.130615 2160.000000 9 90
