2210.202148 135.389099 2322.026367 453.181213 0 201
1963.173706 123.664276 2387.434082 297.272064 2 201
2340.534912 166.924194 2823.203369 353.575500 2 201
2630.003906 124.642288 2921.439697 294.861237 2 201
3057.703369 147.174332 3246.561523 289.467407 2 201
770.617554 233.998245 890.118835 319.044556 2 201
2519.155029 64.755478 2721.748535 161.878952 2 201
664.597412 227.264771 1349.289795 582.021790 7 201
1572.098511 40.691010 1945.115845 173.922150 7 201
2515.852783 62.114979 2727.930908 162.908585 7 201
758.117432 1470.375000 2205.849609 2160.000000 67 201
