2254.172852 147.553467 2350.148926 379.589508 0 126
1976.090332 120.786430 2390.611816 295.010132 2 126
2380.324219 174.418701 2794.426514 342.826752 2 126
3056.108887 143.920547 3248.583252 288.718750 2 126
2631.360840 125.880424 2920.750977 291.562714 2 126
768.922424 232.957642 888.058472 318.535187 2 126
2515.109131 63.211094 2730.275391 163.481476 2 126
2890.683594 132.703629 3069.418701 234.173569 2 126
661.898315 232.951004 1346.498291 576.982117 7 126
1551.029053 37.714802 1956.219360 170.147202 7 126
747.812927 1483.023804 2224.797852 2159.301758 67 126
