2216.907227 146.475555 2328.358398 442.703339 0 183
1956.363525 126.924469 2391.420654 292.076202 2 183
2380.036621 176.585526 2796.541016 343.213562 2 183
3055.677979 143.472397 3248.523926 288.168274 2 183
2630.588867 125.429756 2919.733154 292.628601 2 183
778.147522 227.896149 918.073486 318.097565 2 183
1584.598999 61.268745 1739.343018 165.403046 2 183
2503.377197 73.273766 2742.342529 173.503403 2 183
668.940002 226.823029 1351.821045 578.131226 7 183
2516.686279 62.558037 2724.700195 162.978043 7 183
1558.848389 32.743778 1958.246948 173.941483 7 183
745.420654 1482.794189 2241.287354 2160.000000 67 183
