2264.907471 132.313492 2324.212158 331.710297 0 47
1974.258179 121.397888 2386.423096 302.243378 2 47
2344.955078 166.783325 2818.130859 346.568848 2 47
2635.097656 125.545570 2917.537842 290.478973 2 47
3058.929443 148.771240 3245.207520 286.893646 2 47
771.726013 215.212311 936.102295 313.989929 2 47
1581.219727 59.271980 1737.576660 166.560272 2 47
2894.391113 133.474380 3069.390381 233.916428 2 47
2510.714600 77.193428 2739.916016 169.742996 2 47
675.609680 239.935104 1348.783203 568.734802 7 47
776.105164 1479.022949 2186.224609 2160.000000 73 47
