994.422852 712.016479 1425.429810 1534.535034 0 406
1971.044189 131.129150 2380.025391 289.279175 2 406
2340.608643 171.566498 2820.989014 342.026245 2 406
3056.558105 145.155365 3249.066162 287.655579 2 406
2633.106934 127.461769 2920.453369 291.537781 2 406
2523.220947 61.551300 2732.169434 165.547699 2 406
772.922485 227.267975 926.257141 318.259491 2 406
2849.704834 113.442871 3074.929932 227.587387 2 406
662.186340 240.020706 1347.657837 578.327515 7 406
1553.745361 35.031853 1957.881714 171.759445 7 406
780.828308 1501.736206 2207.496338 2160.000000 9 406
