1379.298096 411.599213 1695.074219 1321.120117 0 386
1962.705322 129.589569 2382.991943 292.148987 2 386
2342.981201 165.602173 2814.867920 343.088135 2 386
2634.736816 124.910423 2917.727051 290.653381 2 386
3059.845703 149.087784 3247.612549 290.653259 2 386
2895.106201 132.495453 3070.480225 233.696243 2 386
773.016846 215.657257 940.226807 313.576111 2 386
1581.144287 59.482323 1738.995361 166.398453 2 386
2523.434814 63.896996 2735.273682 163.427460 2 386
679.466492 236.509659 1346.401123 565.014343 7 386
760.786072 1506.350464 2227.583008 2160.000000 7 386
1568.986450 38.009087 1953.652832 166.420547 7 386
