1914.521851 251.533112 2150.668945 807.499207 0 323
1981.125366 126.171906 2373.214600 284.652649 2 323
2339.498291 166.047119 2816.224854 342.830627 2 323
2633.827148 123.919136 2919.850342 292.467255 2 323
3055.316406 143.174286 3249.357422 290.080933 2 323
775.840515 225.558578 929.877136 319.165741 2 323
1580.189697 60.032669 1737.156860 164.762985 2 323
673.231262 232.376282 1334.506348 580.564819 7 323
1570.649170 39.268108 1946.240723 168.247940 7 323
756.697998 1465.767456 2211.704834 2160.000000 67 323
