1912.019165 257.683167 2141.657227 794.359070 0 324
1982.350464 125.082314 2374.918457 285.770874 2 324
2336.420654 166.421463 2816.314453 341.990997 2 324
2634.450928 125.820000 2918.703369 290.681519 2 324
3054.794189 145.491257 3262.370361 285.729889 2 324
776.112671 213.073181 936.419800 314.188141 2 324
1581.946167 58.868519 1736.591064 164.535019 2 324
2514.436035 91.934448 2626.409180 166.599869 2 324
685.148560 232.567276 1340.282349 567.582092 7 324
1580.029785 38.927990 1948.475952 168.787415 7 324
729.038879 1477.624390 2243.781738 2160.000000 67 324
