2047.830811 215.081970 2245.041748 660.272888 0 288
1976.659180 128.161346 2390.470215 286.748535 2 288
2341.581787 165.332092 2816.330078 344.963593 2 288
2633.289551 123.767731 2921.144043 292.915741 2 288
3055.257812 147.372650 3245.700928 289.868774 2 288
776.555054 225.693726 927.660095 319.056213 2 288
1582.991455 59.861008 1737.073975 164.414856 2 288
675.051025 235.067703 1335.994141 571.751282 7 288
1569.774170 38.799587 1948.726196 166.131577 7 288
762.653259 1474.160034 2197.872803 2160.000000 67 288
