2095.413574 214.736008 2254.973145 590.938965 0 272
1955.845093 130.808594 2390.064453 295.277802 2 272
2338.556396 167.662796 2822.848633 343.531708 2 272
2637.952393 125.072929 2918.024170 291.575775 2 272
3057.724121 145.715103 3251.304443 289.698242 2 272
772.330444 216.390366 941.235718 313.344025 2 272
1580.692993 60.158154 1736.869629 164.794800 2 272
685.981018 231.897110 1343.415283 566.685974 7 272
1578.757935 40.461555 1945.032715 171.702789 7 272
757.292908 1480.603271 2199.592285 2160.000000 67 272
