2255.799561 139.603500 2318.572266 328.116272 0 59
1970.706787 121.572067 2395.626465 298.900330 2 59
2343.734375 165.060532 2816.793213 349.013306 2 59
3056.734131 149.407532 3252.839600 289.296448 2 59
2633.952637 125.448410 2918.078125 290.845062 2 59
775.500244 225.647949 922.674255 319.788177 2 59
2518.720459 60.185219 2734.032715 162.928268 2 59
688.156982 236.978409 1344.129517 562.702881 7 59
1565.534790 39.138275 1950.322144 167.928879 7 59
765.579407 1480.255249 2218.268799 2160.000000 67 59
