2082.941895 197.815918 2252.933838 627.336243 0 277
1977.040894 128.912766 2393.968750 291.226837 2 277
2335.262451 167.063705 2813.635498 345.356018 2 277
2635.135010 125.223076 2917.752686 292.020020 2 277
3055.062256 143.822357 3261.103516 289.511597 2 277
1581.871826 59.857803 1735.151489 166.234924 2 277
2514.247803 92.473175 2624.762451 167.092773 2 277
774.751038 213.467773 939.957886 316.236176 2 277
683.468323 230.660004 1343.566772 566.637939 7 277
2096.658936 603.245605 2265.042236 679.525757 36 277
723.318665 1477.539917 2247.731201 2160.000000 67 277
