2238.280273 150.253479 2339.618652 433.454681 0 172
1960.860840 121.037285 2390.650391 292.305664 2 172
2339.447021 165.241806 2817.219971 346.679871 2 172
2634.228271 125.634262 2918.885498 292.707916 2 172
3057.013916 149.237808 3245.556152 289.551544 2 172
773.232300 213.218872 938.090088 314.482605 2 172
2517.017822 67.303101 2731.355957 163.344147 2 172
684.436646 237.726624 1339.170532 568.390137 7 172
1576.473511 38.001877 1944.161987 164.941849 7 172
753.339783 1468.819580 2224.881836 2160.000000 67 172
