2196.368408 162.462952 2305.868896 479.703918 0 216
670.066162 236.771606 1344.983765 563.640747 2 216
1963.381226 127.138817 2393.147949 299.621185 2 216
2378.006348 177.256149 2798.933838 342.067780 2 216
3057.902344 143.933594 3252.754883 291.523468 2 216
2632.980957 126.456863 2920.182373 289.899323 2 216
2506.531738 75.054008 2740.166992 173.320984 2 216
772.829834 233.024124 887.573242 318.179840 2 216
1555.617798 35.055084 1959.443604 173.986923 7 216
2522.037109 59.011227 2725.329590 163.207962 7 216
