2087.674561 207.047989 2247.588867 649.709106 0 274
1963.820679 128.303146 2393.767334 292.887695 2 274
2335.489990 163.806259 2812.307129 343.343689 2 274
2631.431152 124.138290 2919.334717 293.845459 2 274
3056.724609 146.413300 3263.100830 287.638641 2 274
1582.648438 60.293423 1735.226807 165.428680 2 274
2513.068604 90.961014 2625.644531 167.176193 2 274
776.404175 213.410782 935.627197 316.257446 2 274
684.604675 231.052200 1341.407349 567.128296 7 274
718.955261 1472.552124 2259.362061 2160.000000 67 274
