2206.714844 144.630203 2325.381348 469.362000 0 205
1962.292236 126.183121 2396.131348 294.620239 2 205
2382.107422 178.656906 2797.687256 340.908936 2 205
3054.704834 145.673553 3247.447266 288.103973 2 205
2637.010498 125.893242 2917.817871 290.488342 2 205
771.876770 233.732056 887.988525 319.225830 2 205
2516.524902 63.774544 2738.662598 163.809799 2 205
2899.992188 134.544296 3071.588135 233.016800 2 205
673.606079 224.377426 1351.166748 578.255493 7 205
1553.136841 35.026302 1956.544800 171.035370 7 205
699.350098 1481.791504 2267.727295 2160.000000 67 205
