2255.032227 155.814957 2347.861328 380.976074 0 133
1973.357788 124.907906 2397.000488 296.682556 2 133
2383.881836 176.935486 2794.496338 342.119965 2 133
2627.916016 128.069229 2921.664307 290.535950 2 133
3055.994141 143.951569 3244.948975 289.234772 2 133
777.073608 225.702423 926.553650 320.179108 2 133
2509.520752 63.919197 2726.184326 162.100861 2 133
1586.979736 60.543362 1739.525269 165.742828 2 133
662.316467 221.084961 1353.936646 584.424805 7 133
1571.867798 47.805916 1860.219116 171.790115 7 133
735.631714 1487.802124 2248.256836 2160.000000 67 133
