2282.484619 136.905548 2351.175293 305.801117 0 16
1980.940552 118.997208 2387.683838 296.929749 2 16
2337.999756 168.756058 2825.062988 343.768036 2 16
2630.654053 125.726387 2920.997559 292.390594 2 16
3057.585449 143.820984 3245.860352 290.051758 2 16
776.415649 226.546539 923.268860 319.183258 2 16
2524.642822 66.774040 2726.982422 160.613693 2 16
672.965332 231.230728 1333.854492 581.032410 7 16
1567.425049 39.683414 1948.282593 167.625381 7 16
719.146606 1465.856201 2126.751953 2160.000000 67 16
762.802979 1460.182983 2201.567871 2160.000000 73 16
