2212.540283 147.892670 2322.818848 440.286682 0 195
1957.380371 126.439240 2389.155518 290.799957 2 195
2337.132812 166.810791 2824.346436 349.106689 2 195
3057.375732 145.612564 3252.054443 290.072235 2 195
2627.116943 123.538734 2920.644287 292.799805 2 195
776.021790 226.232742 924.662415 318.862823 2 195
1581.714722 60.498901 1739.560791 165.192017 2 195
668.835510 233.232635 1335.279419 582.070496 7 195
1559.461182 37.943283 1957.864258 168.950943 7 195
769.767578 1476.137573 2188.330811 2160.000000 67 195
