2270.826660 137.916061 2330.350342 318.422791 0 28
1983.095093 114.888603 2400.936279 301.235016 2 28
2342.614258 168.710510 2816.121582 352.209869 2 28
3056.773193 149.866898 3254.008057 289.051758 2 28
2636.323486 126.550133 2916.971191 290.957550 2 28
2515.440918 64.130455 2733.471436 163.517639 2 28
779.850830 228.460571 918.860962 318.610718 2 28
1581.791260 60.828892 1738.750854 166.552383 2 28
662.957520 230.035843 1347.333008 569.484070 7 28
1555.210693 35.205059 1958.771606 169.745972 7 28
709.436768 1472.683594 2281.709717 2160.000000 67 28
