1970.090942 232.305328 2186.021240 769.417969 0 312
1979.862549 127.201874 2377.398682 286.709167 2 312
2342.634521 164.815170 2818.677246 343.151886 2 312
3054.473145 147.807190 3250.132080 287.870728 2 312
2636.527344 123.631889 2918.235596 294.063934 2 312
1580.588379 60.877644 1736.402222 165.194427 2 312
772.950623 216.007339 940.549683 313.642609 2 312
683.126648 234.613831 1344.128662 561.037048 7 312
714.410461 1480.555542 2128.959229 2160.000000 67 312
758.462036 1469.523438 2201.291748 2160.000000 73 312
