2158.096680 173.401779 2293.489990 516.142944 0 234
1949.412354 133.463516 2404.152100 300.242371 2 234
2380.263184 175.263733 2794.084717 341.664703 2 234
2634.302002 126.308891 2919.843994 291.613525 2 234
3056.028809 146.142654 3251.677002 290.155090 2 234
767.043396 231.097168 890.972168 319.031281 2 234
2517.490479 63.812538 2736.044189 163.901703 2 234
2892.851562 134.150726 3070.653809 233.219940 2 234
671.118713 236.281570 1341.900391 576.096252 7 234
1550.774170 35.444412 1962.043213 172.864029 7 234
764.654297 1479.401245 2218.226318 2156.943115 67 234
