2273.557861 134.634125 2333.058350 311.131989 0 21
1975.833984 116.865173 2397.786865 299.744781 2 21
2343.252930 168.475098 2813.351074 347.917084 2 21
3058.871338 148.851685 3257.290039 289.196533 2 21
2630.619385 127.111465 2920.134277 292.009827 2 21
773.128723 234.190735 888.686890 318.138855 2 21
2503.307373 77.030975 2740.789062 170.894730 2 21
1581.795654 59.850307 1735.879761 165.266296 2 21
668.652527 231.751434 1349.602417 575.291382 7 21
1553.695801 35.477829 1958.350220 170.239090 7 21
2516.564697 60.808521 2728.963867 161.188187 7 21
720.627991 1484.880005 2291.972900 2160.000000 67 21
