2245.986328 157.540726 2354.723145 407.351044 0 150
2382.222168 177.521652 2794.337646 341.407898 2 150
1960.426392 122.070801 2395.672119 293.445618 2 150
3058.113281 149.702789 3250.107666 288.342682 2 150
2628.269775 125.582077 2921.242920 291.696045 2 150
772.221863 216.464981 937.218994 313.230499 2 150
2892.559082 133.760605 3067.637207 233.703674 2 150
2513.849121 64.684235 2736.675537 161.651337 2 150
1580.963501 60.275684 1738.358765 166.406235 2 150
683.101074 236.807541 1343.105591 567.335815 7 150
1573.689575 37.139107 1954.604492 167.754929 7 150
760.368408 1479.580444 2215.634766 2160.000000 67 150
