2117.607910 178.769745 2254.445068 568.110352 0 263
2340.443115 166.597244 2813.174805 339.580872 2 263
1966.571167 128.374329 2378.278809 291.315308 2 263
2636.771240 124.935143 2918.801758 293.351410 2 263
3058.130371 149.669708 3242.936768 289.429077 2 263
779.570923 227.181915 924.156372 320.242279 2 263
2521.955566 68.472458 2726.448730 161.993164 2 263
2902.404053 136.986801 3062.660156 231.142380 2 263
687.954590 234.983704 1342.644653 561.859924 7 263
1572.156006 39.162193 1952.099487 166.281616 7 263
752.336243 1465.454590 2223.851562 2160.000000 67 263
