2164.346680 172.987961 2294.051514 509.617065 0 232
2340.672852 167.652267 2827.310303 339.450745 2 232
1950.089844 130.112686 2402.209717 294.882874 2 232
2635.980713 123.811562 2918.784424 294.772095 2 232
3057.118652 146.162567 3256.404297 288.297485 2 232
776.406982 215.213806 935.035217 313.094421 2 232
1582.981567 58.894955 1737.458984 166.049759 2 232
682.099182 233.280365 1348.328125 564.259277 7 232
1577.562134 40.660339 1942.925415 171.086761 7 232
749.114807 1475.835083 2209.357666 2160.000000 67 232
