2211.080811 143.196823 2324.248779 445.221252 0 199
1959.584595 124.498207 2382.844238 292.177277 2 199
2340.522217 166.217072 2824.931396 345.654236 2 199
2636.739258 124.854919 2919.259033 293.586823 2 199
3056.369141 148.162415 3250.758301 289.903656 2 199
773.370850 216.150497 939.669983 312.468994 2 199
1580.992432 60.731617 1738.318481 165.676559 2 199
2508.294434 78.188431 2740.637939 170.124542 2 199
678.196899 232.959808 1344.764771 568.223389 7 199
757.480164 1479.623657 2207.486084 2160.000000 67 199
