2246.855957 148.079788 2343.201416 341.222626 0 78
1971.137817 121.807014 2394.672119 297.889679 2 78
2336.924316 165.973770 2822.575439 349.568573 2 78
2636.516846 124.423820 2918.264893 291.169281 2 78
3057.507324 145.308029 3252.107178 293.098175 2 78
1582.531250 59.959026 1736.383789 164.338638 2 78
777.911804 226.137756 929.021667 318.641724 2 78
668.678406 236.735336 1330.743408 584.258301 7 78
1561.803467 44.746223 1881.410889 172.845490 7 78
765.062073 1466.036621 2193.288574 2160.000000 67 78
