2134.658203 191.467880 2249.178467 556.119690 0 257
1961.643311 131.134415 2385.288086 297.279724 2 257
2379.372070 173.130554 2791.757568 345.047363 2 257
2634.502686 125.183708 2918.652588 292.819733 2 257
3058.312256 149.418854 3242.882080 287.837219 2 257
773.613159 214.970276 937.946899 315.118195 2 257
2519.424805 68.110939 2730.513916 161.751816 2 257
1581.336914 59.317242 1736.335693 166.072876 2 257
2899.497070 135.980301 3065.057861 231.618790 2 257
688.868469 235.468582 1339.443726 565.108093 7 257
1573.849609 38.556458 1948.852051 165.020935 7 257
745.103699 1469.783447 2236.061523 2160.000000 67 257
