1386.659912 403.132080 1707.254761 1325.684692 0 384
1965.858643 129.961395 2381.622070 290.829163 2 384
2341.756104 165.063965 2815.927734 343.741486 2 384
3059.626953 149.283020 3246.409668 290.216309 2 384
2633.197510 125.183937 2918.528076 291.475281 2 384
773.404297 214.599258 936.149109 313.324219 2 384
2894.713135 121.509583 3067.211182 230.431015 2 384
2510.285645 77.155029 2744.554932 170.267136 2 384
676.768188 234.216599 1346.163574 565.495117 7 384
1571.604858 38.011433 1950.380493 167.623657 7 384
