2272.610840 135.883255 2332.205811 318.903107 0 27
1975.479736 114.825264 2392.856689 298.926758 2 27
2339.215332 167.159256 2824.053467 346.914581 2 27
2635.506836 125.477936 2917.421631 293.069550 2 27
3059.394775 148.740677 3254.735352 288.925781 2 27
773.057373 215.026001 936.408264 314.010986 2 27
2511.995605 80.579735 2735.687744 169.164841 2 27
1583.275879 60.622898 1736.688477 165.591873 2 27
684.108459 233.345245 1343.737793 562.608459 7 27
756.054199 1462.428955 2194.027344 2160.000000 67 27
