2272.927734 137.007523 2331.185303 317.985748 0 27
1984.083862 116.445686 2392.090820 297.255219 2 27
2340.208252 167.609467 2820.667725 348.341187 2 27
2633.939453 125.268051 2919.450928 292.079193 2 27
3058.921387 146.228256 3243.595459 290.292877 2 27
1582.349365 60.321346 1735.682739 166.045410 2 27
768.744141 230.647995 886.167725 318.310883 2 27
2512.643311 78.993355 2738.676514 168.817047 2 27
676.949463 234.305069 1334.087891 575.168457 7 27
1567.489868 39.646564 1950.929199 165.713303 7 27
708.544067 1480.365112 2139.765869 2160.000000 67 27
759.907410 1474.778687 2208.408691 2160.000000 73 27
