898.626709 982.748047 1358.832764 1610.434448 0 416
1967.758179 129.462540 2377.763672 291.911194 2 416
2340.958984 164.035019 2815.096191 340.017670 2 416
2635.410400 125.741722 2917.611084 291.725922 2 416
3057.083984 150.299591 3244.363281 290.056458 2 416
2520.702881 69.640961 2726.818604 161.791641 2 416
773.533264 214.306625 938.927124 314.577698 2 416
1580.882812 59.736668 1735.556519 166.833450 2 416
2900.583496 135.472290 3063.339844 232.224533 2 416
681.907715 238.525757 1341.732178 565.773010 7 416
1584.817139 38.709122 1944.627075 167.688889 7 416
