1850.799805 300.411163 2071.146484 857.940491 0 336
1959.729492 130.779877 2385.817139 291.818146 2 336
2342.907471 166.547684 2811.018555 342.655090 2 336
3057.346680 148.695358 3251.057617 290.644897 2 336
2637.369629 125.609543 2917.759033 291.451141 2 336
775.464722 225.502502 921.728699 319.599030 2 336
2525.720215 61.423985 2733.003906 164.425949 2 336
1581.363159 59.138828 1736.942383 166.669571 2 336
2895.386230 134.080582 3063.996582 234.404053 2 336
680.920776 241.706299 1340.197021 574.857300 7 336
1573.263428 38.434292 1949.829346 170.521652 7 336
771.534424 1489.622925 2202.580078 2158.268555 67 336
