2139.700439 196.217636 2250.274658 545.371399 0 256
1948.584961 134.353180 2394.452148 300.659393 2 256
2344.180176 171.342422 2813.798584 351.955811 2 256
3058.453857 147.056107 3259.371094 288.960571 2 256
2632.073975 125.744240 2921.669434 291.565704 2 256
768.294678 231.468414 889.501770 319.641693 2 256
2519.341309 62.023026 2734.872559 163.431122 2 256
2894.325684 131.562653 3069.814453 235.294174 2 256
1583.021362 60.283695 1739.778564 165.051941 2 256
668.199768 238.104279 1348.775269 570.056824 7 256
1548.277466 34.111061 1962.347412 167.852432 7 256
