1917.062622 255.335297 2150.557861 803.860413 0 322
1980.511230 130.478439 2382.229980 286.954651 2 322
2341.554932 169.119858 2817.499023 348.668732 2 322
2635.608887 126.313240 2922.331055 292.292847 2 322
3056.855957 146.498444 3249.119385 288.138306 2 322
771.305237 233.294327 888.854614 319.531952 2 322
2517.717773 64.124504 2732.918213 162.617218 2 322
671.817810 228.443741 1344.479492 577.482361 7 322
1564.824463 36.612164 1955.927002 170.334763 7 322
747.618164 1469.690063 2220.442139 2160.000000 67 322
