2258.066162 140.083572 2321.539307 329.968750 0 55
1976.223389 121.712257 2384.192383 303.768524 2 55
2341.195801 170.019821 2820.720947 349.885010 2 55
2632.843750 126.935570 2919.997314 292.230377 2 55
3053.274902 144.916870 3252.278076 289.962250 2 55
777.480591 227.504761 921.276978 318.948761 2 55
2505.523438 74.314781 2739.638916 172.827866 2 55
649.861633 233.334839 1350.386475 571.041504 7 55
1555.900635 35.928612 1955.826294 173.373627 7 55
2513.412842 60.454670 2725.920410 161.234314 7 55
696.626465 1485.800537 2291.337158 2160.000000 67 55
