2248.928223 141.203613 2341.032471 356.738861 0 95
1967.334229 122.753555 2391.988770 296.763947 2 95
2337.438232 165.426849 2824.252930 347.866028 2 95
2634.062500 124.428513 2919.083008 292.451569 2 95
3057.550537 143.994141 3250.060303 291.537994 2 95
777.726013 226.348785 924.266479 318.472107 2 95
1581.996094 60.460335 1737.468750 165.948135 2 95
675.901428 233.345245 1337.032715 574.953918 7 95
723.925659 1474.665894 2120.723877 2160.000000 67 95
762.147278 1470.174072 2194.693359 2160.000000 73 95
