1412.372925 412.516449 1741.269287 1364.263428 0 382
1966.902588 127.709763 2379.900146 291.742737 2 382
2333.841797 163.631729 2816.176025 350.578522 2 382
2634.702881 125.611259 2918.591797 292.262878 2 382
3058.287598 143.401901 3255.725098 289.722839 2 382
1581.939209 59.575764 1734.535156 165.493225 2 382
2514.098145 90.975433 2627.534180 167.637741 2 382
689.858032 233.019547 1333.396362 563.783569 7 382
712.443542 1494.196411 2255.373535 2160.000000 63 382
664.877441 1487.607300 2166.683105 2160.000000 67 382
