876.549622 1031.988037 1355.004150 1629.201660 0 419
1967.848511 127.743408 2376.956055 292.146942 2 419
2339.006592 164.986252 2828.353027 343.398499 2 419
2633.307861 123.308594 2918.900635 294.089691 2 419
3051.355469 145.303574 3258.112549 287.708588 2 419
773.566956 214.648010 939.938965 312.924835 2 419
2527.891602 67.482834 2718.584473 159.196350 2 419
2350.228271 64.885826 2484.450195 147.790710 2 419
680.602905 233.744873 1348.418091 561.120056 7 419
802.143066 1504.833252 2199.376953 2160.000000 28 419
