2193.891357 163.692276 2305.510498 478.926636 0 219
2337.300049 165.628036 2825.094727 348.710388 2 219
1956.129639 126.759445 2397.041504 294.715668 2 219
2632.499512 123.130409 2921.170654 292.929596 2 219
3056.857178 144.460938 3252.156494 288.780304 2 219
775.934204 226.361603 923.579956 319.213226 2 219
1581.990845 59.423157 1737.396362 166.705841 2 219
2512.404785 77.926476 2739.130615 169.856628 2 219
672.315857 236.679489 1334.036987 579.268677 7 219
1566.017944 39.090439 1950.912231 170.013535 7 219
2210.194824 469.104614 2318.275146 510.875549 36 219
716.096741 1478.845703 2132.439209 2160.000000 67 219
774.860779 1477.911499 2179.120605 2160.000000 73 219
