2243.918701 155.004379 2354.252930 413.852783 0 159
1973.128662 120.196259 2382.225098 292.903168 2 159
2352.700684 176.180756 2802.276855 336.812531 2 159
2630.703613 124.532654 2920.132812 291.302582 2 159
3052.314697 144.752426 3259.168945 286.980957 2 159
776.718384 214.008743 935.768127 315.864349 2 159
1583.916382 59.631325 1735.578735 165.163635 2 159
683.977295 230.755219 1340.859131 563.126892 7 159
1582.974121 41.086002 1941.315186 168.295319 7 159
723.997070 1470.880615 2248.200439 2160.000000 67 159
