1977.194092 119.144432 2385.769043 302.556122 2 7
2339.090820 167.271530 2812.573975 350.715729 2 7
2632.818848 127.283585 2917.856445 293.179413 2 7
3054.725342 148.498978 3262.894531 284.417267 2 7
769.512085 230.794250 887.847168 320.380890 2 7
2503.021484 72.509995 2744.131592 173.567261 2 7
1584.419556 59.213844 1737.622803 165.031464 2 7
665.815491 229.329056 1345.647217 570.058777 7 7
1556.710083 36.576859 1958.220825 167.809509 7 7
2519.229004 61.893707 2722.396484 163.697083 7 7
694.294800 1477.417725 2148.200684 2160.000000 9 7
737.425659 1480.014404 2227.024414 2160.000000 67 7
