2006.146851 230.257629 2182.409180 713.757202 0 303
1969.522583 128.530991 2380.767822 287.217957 2 303
2342.423340 164.984650 2816.902588 342.666748 2 303
3054.931885 147.180740 3254.454102 291.173279 2 303
2634.241943 123.943398 2919.505127 293.843750 2 303
775.915283 225.641541 925.640259 319.403656 2 303
1583.723511 60.197578 1737.922607 164.535355 2 303
671.230286 232.705872 1338.902344 577.974792 7 303
1568.454346 39.069897 1949.361328 168.413757 7 303
767.422058 1471.625854 2194.699951 2160.000000 67 303
