2246.611816 156.856369 2349.701904 408.971313 0 155
1966.492432 118.868286 2389.162598 290.978027 2 155
2376.984863 177.914078 2797.508545 341.884796 2 155
2629.845215 123.773911 2921.438477 290.972992 2 155
3057.734863 145.789261 3256.170898 290.319672 2 155
776.020325 226.042542 929.564819 319.654755 2 155
2508.977295 78.424294 2739.417480 169.522461 2 155
672.797729 232.305206 1333.646118 576.594971 7 155
1558.936646 40.090137 1950.338013 169.013550 7 155
2266.283447 385.945343 2342.301025 418.536285 36 155
727.344971 1473.334229 2118.882080 2160.000000 67 155
764.210938 1469.550659 2193.348145 2160.000000 73 155
