2254.181396 150.380615 2349.912109 371.121796 0 114
2380.680664 175.623993 2793.014893 343.379028 2 114
1968.595825 122.110054 2388.942871 295.845306 2 114
2636.353027 124.537575 2917.980225 291.104736 2 114
3059.816650 148.390610 3245.895020 288.541351 2 114
771.929749 215.820908 936.645264 312.384552 2 114
2898.322998 133.221695 3065.652588 232.892639 2 114
2514.572998 63.963200 2736.951416 162.704193 2 114
1581.914673 59.536510 1737.689331 166.417801 2 114
682.341370 237.525314 1349.427979 562.233093 7 114
1565.593750 38.325745 1955.046997 164.496902 7 114
755.984619 1476.602661 2210.380371 2160.000000 73 114
