2255.118408 156.283020 2350.651855 372.596954 0 117
1966.566406 121.542542 2387.769775 294.065887 2 117
2381.869385 176.203064 2793.007568 343.110779 2 117
2635.696533 125.876648 2918.369629 289.526245 2 117
3058.751221 146.171600 3250.718994 289.484802 2 117
775.650818 225.977432 928.405640 319.297577 2 117
2895.657471 119.002640 3062.561768 234.134552 2 117
678.061279 235.078796 1343.561768 571.152832 7 117
1572.498413 36.574627 1940.496094 168.826782 7 117
775.898682 1477.015625 2204.420166 2160.000000 67 117
