2246.371826 139.438705 2345.562012 361.075256 0 98
1969.426270 123.278496 2390.635986 299.619110 2 98
2342.722656 167.219574 2816.910889 342.667572 2 98
2634.518555 124.412605 2918.397949 293.145203 2 98
3057.593506 151.403946 3239.514404 289.309387 2 98
774.341003 214.315445 941.083069 314.229462 2 98
2522.061523 68.570709 2727.358643 161.419479 2 98
1580.992065 59.521976 1737.313721 166.482681 2 98
683.218201 237.080719 1343.212891 565.010010 7 98
1573.026611 40.476776 1948.473511 167.758362 7 98
766.077332 1475.664307 2217.151367 2160.000000 67 98
