2256.423340 137.121506 2320.381836 350.174316 0 70
1970.755615 123.253548 2386.394043 297.086548 2 70
2339.701172 165.933594 2823.401367 348.390411 2 70
2632.749512 124.622375 2920.996094 290.367828 2 70
3057.330322 144.381973 3245.151611 290.094086 2 70
773.486267 218.744308 930.527344 312.213928 2 70
1583.640869 60.265842 1735.088135 164.592346 2 70
676.160950 232.842621 1328.540283 581.322998 7 70
1558.833740 39.693829 1953.355591 167.381042 7 70
753.116028 1476.245850 2200.910156 2160.000000 67 70
