2267.289307 135.557098 2326.464600 324.874634 0 47
1979.374146 119.171730 2395.356689 297.357300 2 47
2339.798584 166.834366 2824.046143 346.456696 2 47
2632.638916 125.558846 2920.033447 293.089355 2 47
3057.556152 145.523758 3246.784668 290.298157 2 47
775.836792 227.420990 927.281250 319.050842 2 47
1582.699097 59.955421 1735.169556 165.455353 2 47
2509.148682 79.235336 2739.430176 169.522812 2 47
675.174805 232.180237 1340.200806 573.814758 7 47
1562.405640 37.716347 1951.240845 165.642349 7 47
763.064880 1468.814087 2207.191650 2160.000000 67 47
