2031.698120 225.091431 2203.804932 653.826904 0 296
1975.110718 131.375305 2399.876465 286.842834 2 296
2344.243896 168.993866 2811.893799 347.511383 2 296
3057.149170 145.613022 3259.573486 287.989410 2 296
2629.572754 127.486031 2922.732666 290.440277 2 296
770.631226 230.737823 890.855103 319.494293 2 296
2506.346680 75.370438 2738.374756 173.343307 2 296
2893.770264 132.390518 3061.911865 234.322113 2 296
1586.012329 58.727356 1739.516968 163.835205 2 296
670.596802 235.353912 1350.252563 584.927673 7 296
2517.499268 61.096169 2723.333252 163.926529 7 296
1558.126343 33.512363 1955.586426 171.293549 7 296
708.846130 1470.937866 2258.802979 2160.000000 67 296
