1535.670288 360.043701 1844.630737 1157.490234 0 370
1964.960815 130.322800 2382.646729 291.445984 2 370
2343.365723 165.989899 2816.653564 343.304657 2 370
3057.939209 149.118912 3246.697510 287.774597 2 370
2633.952393 125.245735 2918.370117 290.988220 2 370
774.167358 225.304977 925.607727 320.298950 2 370
2506.187988 77.136032 2743.581055 170.347931 2 370
1579.101440 60.077930 1737.638306 166.455444 2 370
2897.703857 133.710022 3064.524902 233.706421 2 370
676.599304 239.442886 1345.791138 571.151489 7 370
1566.135986 39.611374 1950.287109 167.331146 7 370
781.411377 1485.921875 2190.170166 2160.000000 67 370
