2274.531738 137.315704 2336.137939 311.589752 0 19
1974.246460 120.356590 2397.886719 299.070251 2 19
2342.626953 167.266266 2816.510742 350.898621 2 19
3057.942871 148.955597 3261.414795 286.839508 2 19
2634.761230 126.530907 2917.801025 291.928009 2 19
768.328125 232.697052 889.004456 319.463623 2 19
1584.330688 58.598038 1739.731323 165.963242 2 19
2896.078125 135.404663 3069.979248 233.170380 2 19
2504.713867 74.424240 2743.983154 173.934509 2 19
669.440063 231.068909 1340.779297 574.680481 7 19
2517.958008 60.725952 2728.320557 163.137802 7 19
731.711426 1474.772095 2252.753418 2160.000000 67 19
