2287.177490 110.921738 2368.860352 316.189819 0 6
1977.943115 122.035324 2384.513672 300.193726 2 6
2341.680664 167.214539 2823.057129 347.169891 2 6
2635.965820 125.548546 2919.461670 288.427734 2 6
3057.863281 149.622452 3246.844482 289.026367 2 6
771.674744 216.163773 934.736328 314.028381 2 6
2898.810059 133.343582 3070.916016 233.401093 2 6
2508.385986 76.875740 2744.255127 170.813812 2 6
679.136658 236.814529 1348.239746 566.646301 7 6
1570.274780 37.797600 1950.403687 166.121048 7 6
745.459656 1473.017944 2220.264404 2160.000000 67 6
