2242.683105 157.340683 2347.569336 408.173431 0 159
2383.043701 175.655472 2794.631836 340.439636 2 159
1968.353882 122.664406 2387.050293 293.595184 2 159
2635.268066 125.799515 2919.992188 294.179871 2 159
3054.940918 145.823700 3248.311279 287.201477 2 159
768.810059 233.734802 888.822144 317.730774 2 159
2514.320801 62.788578 2730.014893 162.329742 2 159
666.487793 230.172485 1348.803833 569.950317 7 159
1555.389282 35.376549 1957.136475 171.069244 7 159
723.089294 1486.578247 2119.813232 2160.000000 9 159
760.408630 1486.421509 2229.115479 2158.396973 67 159
