1988.844116 227.299683 2176.151367 715.938354 0 307
1966.944458 131.679153 2383.014160 288.524536 2 307
2347.414307 169.896225 2812.793213 344.305542 2 307
3056.757324 146.386292 3243.436035 289.309479 2 307
2637.841064 127.880165 2919.930664 289.736237 2 307
778.784790 228.512070 923.831787 317.774384 2 307
1580.249756 61.482521 1737.801270 165.308289 2 307
2504.998291 76.890671 2745.457275 173.116486 2 307
730.560730 213.005203 1336.549927 495.913666 2 307
671.357056 228.599380 1344.764526 566.247009 7 307
1551.565918 36.843391 1962.742432 172.511780 7 307
720.108521 1482.922119 2268.411133 2160.000000 67 307
