2215.816650 148.625671 2326.621582 438.741180 0 185
1958.286743 128.144989 2392.276367 291.639862 2 185
2383.115967 176.540436 2796.346436 341.343597 2 185
3056.591553 143.208725 3249.971436 289.053833 2 185
2632.865479 127.526428 2919.737549 290.264832 2 185
777.663330 226.097702 922.581299 318.942017 2 185
2503.975342 76.055939 2740.301758 172.611343 2 185
2897.316895 135.185272 3071.802979 233.775436 2 185
662.932190 227.050659 1352.472778 587.482300 7 185
1562.445190 37.766129 1946.511719 170.143768 7 185
2250.134766 421.313080 2332.923584 452.433685 36 185
740.831116 1483.262939 2232.306885 2160.000000 67 185
