2283.402100 135.916901 2349.443604 306.661804 0 13
1976.513062 119.744850 2387.734619 301.933350 2 13
2339.883545 167.335724 2818.350586 350.680145 2 13
3058.696777 148.398956 3250.533203 288.113708 2 13
2635.139893 125.504829 2916.981689 290.851135 2 13
776.330933 225.698303 923.484558 319.294952 2 13
2519.751953 61.025616 2731.926270 163.040421 2 13
683.741455 237.699493 1342.742798 571.830811 7 13
1554.928589 39.961506 1957.204834 170.348846 7 13
774.693420 1482.748657 2195.056885 2160.000000 67 13
