1314.158447 491.189545 1675.556396 1456.788818 0 392
1970.276733 131.088867 2383.176025 291.005402 2 392
2342.128418 169.225830 2818.963867 347.185120 2 392
3056.505615 146.786835 3249.319580 288.208099 2 392
2636.099365 125.922195 2919.913086 291.174194 2 392
2520.050781 61.772915 2732.929199 164.795029 2 392
767.559753 232.817337 888.932739 319.058624 2 392
2892.188477 133.469238 3071.310547 233.419632 2 392
670.071533 233.476166 1347.165649 578.361694 7 392
1557.058960 35.835857 1954.798828 172.289307 7 392
770.173035 1488.594238 2203.380859 2157.450195 9 392
