2256.558838 148.605988 2348.279785 383.051483 0 139
1974.513794 122.652390 2389.467773 293.891022 2 139
670.406433 231.823303 1343.417603 574.379944 2 139
2378.918457 177.171921 2797.472412 342.952850 2 139
3055.722168 143.726913 3245.531738 288.427826 2 139
2631.392334 126.966011 2922.898438 291.406403 2 139
779.904541 227.625381 923.038757 318.883759 2 139
2499.726074 72.926331 2744.817627 173.765701 2 139
1582.919556 60.324665 1737.324585 165.549423 2 139
1557.378296 36.925560 1961.185547 170.530579 7 139
