2237.982178 158.898224 2350.669434 414.278168 0 163
1963.540039 120.062706 2385.218262 292.899841 2 163
2385.274902 174.396957 2788.719482 343.414062 2 163
2633.771729 125.490753 2918.679688 292.472168 2 163
3058.173584 150.893997 3244.901367 291.151886 2 163
772.598083 213.267395 937.697327 315.391022 2 163
2517.419434 67.946777 2730.031982 162.887863 2 163
685.663940 238.585495 1339.591797 568.581848 7 163
1576.019531 39.322067 1944.584961 164.610886 7 163
754.570862 1469.728271 2226.279541 2160.000000 73 163
