1157.698608 563.513489 1583.536011 1501.417603 0 399
1967.730469 128.147964 2376.989990 291.752686 2 399
2341.759766 163.336700 2810.718018 339.717621 2 399
2635.000977 125.137817 2917.075439 292.523438 2 399
3058.677246 148.818161 3243.334717 291.243317 2 399
774.329041 214.129242 939.812744 313.803162 2 399
2519.539307 68.174629 2729.187256 162.291626 2 399
2900.331055 121.783440 3062.235107 231.156906 2 399
679.742737 237.486633 1347.886963 562.501587 7 399
1576.907349 36.897465 1944.006348 167.079605 7 399
772.926208 1480.472900 2207.642578 2160.000000 7 399
