2273.033447 137.596313 2332.905762 315.586731 0 25
1981.190308 117.606346 2387.477051 300.813416 2 25
2338.200439 167.633957 2814.068115 341.571320 2 25
2637.839111 125.517189 2918.092285 291.567749 2 25
3061.095703 149.458450 3245.670166 291.153931 2 25
772.285461 213.064377 936.294739 314.704163 2 25
2522.054688 67.423096 2727.676758 163.403427 2 25
2901.023682 136.271088 3061.712646 231.276276 2 25
685.046753 239.457077 1342.785767 564.311340 7 25
1579.604370 39.324127 1943.860596 164.896530 7 25
760.036804 1467.715698 2219.167969 2160.000000 73 25
