949.383484 822.874573 1408.759155 1553.043701 0 410
1970.285889 128.899384 2377.322021 292.547150 2 410
2341.458496 163.653931 2815.031494 340.519623 2 410
2635.458496 124.978745 2917.858398 292.830139 2 410
3058.312744 150.093948 3240.241699 288.268311 2 410
773.451294 214.645599 940.563660 313.656677 2 410
2520.100098 68.391953 2727.339844 162.220901 2 410
2900.114014 136.120483 3062.805420 231.999542 2 410
682.465271 237.105209 1340.061523 563.628723 7 410
1579.914795 38.631130 1945.280762 168.770813 7 410
