1670.550293 329.073578 1937.154175 1057.606201 0 359
1962.848145 133.498642 2382.620117 290.442230 2 359
2344.765137 171.111710 2813.865723 343.810822 2 359
3055.536621 146.166107 3243.749268 289.642273 2 359
2633.410400 126.945755 2918.711670 289.764282 2 359
771.318604 232.231735 889.359558 318.271851 2 359
2496.489014 76.735550 2751.585693 171.446671 2 359
681.210815 226.053421 1346.690308 570.934143 7 359
1551.968872 31.967009 1957.626953 172.444489 7 359
719.405640 1492.981445 2257.357178 2154.512695 67 359
