2264.737793 142.119934 2325.911865 316.014282 0 48
1980.395874 118.968483 2391.756348 296.488251 2 48
2339.526611 166.671631 2822.249268 347.002350 2 48
2633.851562 124.644348 2919.752930 293.214905 2 48
3057.555176 146.578201 3247.246826 289.936066 2 48
775.941040 226.466660 925.742004 318.941315 2 48
2510.500244 78.513901 2737.791748 169.158203 2 48
1582.942139 60.016933 1734.543579 165.849823 2 48
669.641235 233.692001 1343.195923 575.673035 7 48
1562.013672 38.848854 1952.302490 166.987717 7 48
759.359802 1468.585693 2205.623535 2160.000000 67 48
