1373.424805 415.517792 1686.282227 1358.750366 0 387
1968.951294 129.002029 2378.302734 289.373566 2 387
2338.986816 166.689713 2825.141846 342.565033 2 387
2632.412842 123.490440 2921.080078 293.299469 2 387
3056.777344 146.547760 3254.855469 291.410065 2 387
773.386780 218.564056 937.322693 312.796997 2 387
1583.134766 60.196720 1736.288208 165.597031 2 387
673.807373 230.335800 1335.420532 586.668884 7 387
1565.190796 35.815887 1948.791382 168.430695 7 387
772.029846 1490.062378 2197.556152 2160.000000 9 387
