2264.362549 139.364090 2323.474854 319.104980 0 39
1971.888550 118.519073 2390.010254 298.783936 2 39
2345.460938 166.846603 2823.527832 345.976166 2 39
2633.806396 124.836037 2917.883057 291.677612 2 39
3058.617188 147.085175 3254.756592 289.052124 2 39
774.357483 214.383987 937.281189 313.390930 2 39
2510.981934 78.324104 2736.963379 168.264069 2 39
1581.417725 60.119015 1736.938843 165.765945 2 39
685.332825 231.127731 1344.281738 566.809021 7 39
756.735535 1469.206177 2200.694092 2160.000000 67 39
