1914.109497 252.266449 2150.938965 807.373291 0 323
1982.233154 127.268593 2372.360352 284.523468 2 323
2341.790527 166.853821 2818.498291 342.113220 2 323
2632.657715 124.210617 2919.460938 292.964722 2 323
3056.236816 143.991165 3248.276855 290.117554 2 323
773.415466 216.908218 931.613098 313.092133 2 323
2522.576660 66.731812 2729.765869 162.093994 2 323
1581.697144 59.950672 1737.293091 164.818832 2 323
677.553711 232.383148 1331.524292 577.419312 7 323
1569.028687 38.804279 1948.176636 167.090591 7 323
753.663574 1470.503174 2214.568604 2160.000000 67 323
