2264.879150 133.026810 2325.049072 316.024445 0 36
1974.533325 119.320213 2397.811279 299.945953 2 36
2382.945801 174.971115 2793.945801 345.531555 2 36
3056.395752 146.649963 3248.569336 289.085175 2 36
2632.852783 125.645592 2920.605713 291.106567 2 36
1583.545898 59.810997 1737.312866 166.643936 2 36
772.885559 218.369965 930.025330 312.577271 2 36
2893.905518 135.398361 3073.383789 233.357269 2 36
2502.439941 74.216362 2742.188721 173.388962 2 36
659.701294 225.528015 1350.673706 570.707886 7 36
718.190552 1484.503296 2270.067383 2160.000000 67 36
