2190.482910 163.629440 2302.588623 486.479401 0 221
2340.221436 167.289154 2829.528320 341.001312 2 221
1950.373413 124.188416 2402.010254 294.574219 2 221
2637.371826 123.798286 2919.665527 295.759491 2 221
3056.207031 146.925079 3251.260498 289.020874 2 221
773.276001 215.253403 939.133118 312.866241 2 221
1581.564331 59.325024 1736.950195 165.988876 2 221
682.918152 234.591629 1339.105347 570.739807 7 221
2206.441162 466.334686 2318.050293 512.897034 36 221
758.346680 1470.957520 2201.182129 2160.000000 67 221
