2147.063721 178.473114 2277.091064 517.425598 0 238
1958.921021 134.052078 2393.733887 299.072662 2 238
2380.411621 176.787857 2793.463379 341.396240 2 238
2632.847656 124.929764 2919.295654 291.576324 2 238
3057.455566 146.948425 3252.760986 288.601562 2 238
774.124939 224.933731 924.387695 320.011688 2 238
2510.341797 78.356377 2741.119629 171.289322 2 238
681.708008 234.180328 1341.971680 566.669617 7 238
1563.756592 41.432644 1951.750366 170.738174 7 238
796.596558 1479.944336 2180.596680 2160.000000 67 238
