1698.565552 307.272247 1948.691406 990.435303 0 355
1967.531372 128.779556 2378.400635 289.808685 2 355
2341.396484 164.579758 2809.383789 338.243835 2 355
3058.841797 149.929947 3243.769531 289.616089 2 355
2636.974365 125.254547 2917.423584 293.408081 2 355
773.462280 214.705917 937.802063 314.543488 2 355
2519.276367 67.030502 2730.833740 163.129562 2 355
2898.585205 136.122208 3063.033203 232.134918 2 355
687.208313 233.866302 1336.371338 567.753174 7 355
1578.633911 37.100883 1945.948975 166.241669 7 355
748.033875 1468.221924 2223.050537 2160.000000 67 355
