1786.426514 293.778290 2063.317627 940.919189 0 344
1968.094604 131.346008 2381.154785 289.982849 2 344
2343.045654 171.647171 2814.828369 345.731262 2 344
3056.170410 145.636475 3247.348145 288.177216 2 344
2634.938965 126.518089 2920.794678 290.673737 2 344
769.484375 231.212067 889.040222 320.022797 2 344
2520.241455 62.703262 2735.068359 165.420563 2 344
2890.433594 134.104385 3070.444092 233.117508 2 344
1584.607544 59.432999 1738.330078 165.123581 2 344
668.829285 234.922134 1344.421631 571.057983 7 344
1566.883911 44.261852 1874.111694 174.263412 7 344
762.062195 1486.532471 2219.355469 2155.517578 67 344
