1444.779297 399.633392 1839.316406 1240.453247 0 376
1970.189819 129.625168 2381.862549 292.483734 2 376
2343.628662 171.818039 2821.845215 347.851288 2 376
3054.360107 146.149399 3241.176758 287.807343 2 376
2636.765869 128.398010 2918.445557 290.815765 2 376
773.087402 232.815613 889.367126 316.692566 2 376
2520.295898 62.139355 2731.105957 163.330063 2 376
671.760803 228.418564 1346.302124 581.990417 7 376
1561.034424 33.258934 1950.963257 172.260345 7 376
710.088196 1508.112427 2268.362793 2151.001709 67 376
