1330.054443 460.962372 1676.409912 1421.570801 0 390
1967.031494 129.124710 2379.247559 291.291595 2 390
2341.606689 164.327530 2814.684326 339.146088 2 390
2634.864746 124.994194 2917.792725 292.559052 2 390
3058.145264 149.775574 3244.773193 291.229797 2 390
774.894653 213.513901 938.418823 314.439575 2 390
2520.424561 68.237114 2728.966309 161.908936 2 390
685.103638 235.821640 1341.290405 565.767822 7 390
1580.713379 36.806828 1942.742310 165.912430 7 390
756.135620 1475.241333 2217.591064 2160.000000 67 390
