913.644714 906.042114 1396.938599 1608.873535 0 413
1965.987549 130.991928 2385.498535 293.073456 2 413
2339.800781 169.543869 2819.969238 346.622650 2 413
3056.006104 143.384857 3245.767334 287.910004 2 413
2630.415039 128.255417 2919.744873 289.810516 2 413
1585.955322 59.564205 1738.092896 165.103104 2 413
777.758118 227.720703 928.803284 318.002441 2 413
2509.538818 74.910728 2736.184814 173.114532 2 413
2895.613525 132.853195 3070.856445 234.682953 2 413
671.793579 224.226028 1355.108398 575.162964 7 413
