2255.906006 142.478821 2319.208740 326.439606 0 60
1973.977539 121.718323 2401.574219 302.712799 2 60
2383.966553 174.225525 2796.403320 345.015320 2 60
3055.084473 145.401642 3248.412598 289.366028 2 60
2631.723877 128.326035 2919.651855 290.418304 2 60
1584.765991 60.141903 1740.667847 165.549072 2 60
2517.774658 60.189568 2724.275635 163.345978 2 60
2894.850342 132.704773 3071.584717 233.959335 2 60
676.321899 225.690186 1348.510986 579.701233 7 60
733.664917 1478.546875 2242.867188 2160.000000 67 60
