2243.214111 155.256256 2352.175293 414.641846 0 156
2343.990967 165.819275 2812.318359 347.907593 2 156
1966.617432 121.277954 2391.123535 292.930176 2 156
2634.948730 125.497963 2918.032471 292.764343 2 156
3057.263428 150.574478 3243.711426 288.336182 2 156
778.583069 226.677460 926.395386 319.709686 2 156
2900.013184 136.265823 3061.963623 231.864960 2 156
2518.669189 69.590378 2730.187988 161.485168 2 156
686.030701 234.883560 1345.013062 566.360962 7 156
1576.660889 39.658581 1945.238525 165.294785 7 156
2284.411865 389.451111 2353.597656 419.028381 36 156
766.281738 1475.631348 2208.379395 2160.000000 67 156
