2208.851318 133.550949 2325.288574 475.767944 0 204
1962.062622 126.880524 2394.220947 294.205261 2 204
2340.534668 165.405228 2824.940674 346.461060 2 204
3058.845703 147.479202 3259.682373 291.123138 2 204
2629.638916 126.009857 2921.612061 291.877319 2 204
2508.709473 73.920013 2737.202393 172.761032 2 204
671.964355 226.560501 1352.791138 575.328369 7 204
1565.750366 39.639812 1947.467285 171.592010 7 204
2515.179688 62.608906 2721.487793 163.401703 7 204
677.035522 1473.411133 2158.473633 2160.000000 67 204
750.812256 1475.435913 2239.272705 2160.000000 73 204
