2135.006592 193.883270 2246.134766 563.153442 0 256
1961.592285 129.784012 2388.067871 296.315674 2 256
2336.975342 166.877502 2813.223145 343.523468 2 256
2635.699707 124.881927 2920.092285 290.955841 2 256
3054.929199 144.695770 3264.421875 288.620331 2 256
1582.782227 60.057789 1734.134033 165.475952 2 256
775.655090 214.450943 940.488586 314.930511 2 256
2515.327148 93.949921 2624.122559 166.986343 2 256
683.998779 231.847672 1341.730713 566.892700 7 256
729.619568 1473.675049 2240.239746 2160.000000 67 256
