2249.278564 144.019196 2363.946045 395.083099 0 141
2384.197754 176.185669 2788.769775 339.947174 2 141
1976.463867 120.973999 2392.071289 296.451294 2 141
2632.115234 123.119308 2921.782471 294.839508 2 141
3055.587646 145.837784 3252.997314 291.749023 2 141
1577.236816 60.591827 1734.122925 164.497360 2 141
2361.406250 66.109428 2534.572266 146.260300 2 141
687.194763 232.793411 1331.233398 577.523071 7 141
721.693726 1475.301758 2240.136230 2160.000000 63 141
690.468750 1483.601929 2140.945312 2160.000000 67 141
