2244.109863 145.742447 2342.014893 344.258301 0 78
1970.350464 121.174042 2401.251221 299.718811 2 78
2383.233398 176.075012 2790.614258 342.979523 2 78
2637.235840 126.310722 2918.313721 290.120087 2 78
3059.868652 148.554596 3249.411133 288.194489 2 78
772.597595 215.650391 935.928894 313.678864 2 78
2898.303955 133.310623 3063.203613 232.384628 2 78
2525.206787 66.965157 2726.487305 161.453461 2 78
682.550232 237.803757 1346.845093 566.530945 7 78
1568.734985 40.274559 1950.618286 164.350647 7 78
769.923645 1478.438843 2200.160645 2160.000000 73 78
