2206.848877 155.784866 2321.198242 471.940704 0 208
1957.515015 125.642960 2392.675537 296.682678 2 208
2382.113037 174.062332 2794.148682 343.449310 2 208
3056.919189 146.988937 3255.479492 288.240387 2 208
2636.490479 125.992119 2920.431152 293.680542 2 208
2516.572998 64.605446 2740.642334 164.163773 2 208
768.292908 232.505707 889.503113 318.430450 2 208
2893.059326 133.874359 3069.765381 234.440445 2 208
670.849304 236.749863 1350.171265 567.786255 7 208
1565.082886 35.868301 1948.134521 169.187149 7 208
2519.896973 63.963657 2774.329590 165.398239 7 208
750.930542 1476.455811 2225.431152 2160.000000 67 208
