2253.665771 155.027603 2347.839111 380.175232 0 130
1971.624878 120.252678 2386.233398 294.293732 2 130
2342.181396 164.175552 2820.952637 348.747223 2 130
2631.096924 123.818428 2919.558838 292.870544 2 130
3056.040527 144.956131 3250.237305 288.558868 2 130
776.054382 227.527069 928.376160 318.256958 2 130
677.614807 231.634354 1331.693604 577.350037 7 130
1562.908569 38.833118 1948.660034 168.497879 7 130
2288.422852 359.995972 2352.173096 386.796906 36 130
730.122559 1471.971680 2113.357178 2160.000000 67 130
764.709351 1462.500122 2186.297607 2160.000000 73 130
