2140.749756 191.895660 2248.824951 550.267395 0 257
1952.498657 135.175552 2389.933350 301.598938 2 257
2344.916260 168.887436 2808.209229 352.809998 2 257
2628.922363 127.156670 2919.761719 291.119385 2 257
3057.689697 145.323944 3258.381104 289.164948 2 257
768.940491 230.345520 888.453918 320.643280 2 257
2848.592041 117.513252 3079.750244 226.239273 2 257
1584.425049 58.978840 1737.788696 167.471802 2 257
2505.720947 75.200035 2740.416748 172.534546 2 257
677.565491 234.681580 1339.573730 568.971252 7 257
1568.018433 36.256943 1952.652466 169.440414 7 257
737.053894 1477.807983 2247.771729 2160.000000 67 257
