2287.189209 130.285141 2353.487549 307.658478 0 8
1983.236572 120.661690 2382.690186 301.175293 2 8
2383.516357 174.519073 2790.695557 345.394470 2 8
3060.230225 150.010056 3246.562988 290.143188 2 8
2635.117188 125.852272 2918.469971 290.673523 2 8
770.791809 216.275925 936.275208 313.420227 2 8
2896.789062 133.628082 3065.110596 233.335861 2 8
1582.440674 59.384991 1736.777710 166.250946 2 8
2517.138916 64.484764 2737.951172 162.883179 2 8
680.839111 239.806580 1347.616089 565.827209 7 8
1576.064941 39.026237 1950.418091 166.467239 7 8
771.598450 1474.670044 2204.121094 2160.000000 73 8
