2024.520630 234.470657 2203.732422 686.493469 0 299
1971.049194 127.591087 2387.971191 286.833557 2 299
2338.367676 166.400406 2811.448486 346.635925 2 299
2630.979004 125.247223 2920.864990 293.441254 2 299
3056.860840 144.644165 3262.540039 288.108215 2 299
776.924255 214.403564 938.927856 314.907410 2 299
2514.757080 90.300171 2625.927246 166.894562 2 299
688.762390 231.166290 1337.631836 564.672302 7 299
1581.383667 42.435204 1945.630493 166.227142 7 299
722.893738 1473.547852 2252.056152 2160.000000 67 299
