2016.967041 236.645721 2194.142090 701.890137 0 302
1970.972778 127.830841 2382.897705 285.095306 2 302
2342.938477 165.594162 2818.061523 342.308563 2 302
3055.810303 147.016739 3252.987549 289.979767 2 302
2635.291748 124.355843 2920.006104 292.938751 2 302
775.766663 225.470917 925.279053 319.509521 2 302
1583.667725 60.456787 1737.080322 165.033401 2 302
670.401917 233.553070 1339.894165 578.556274 7 302
1571.448486 40.729748 1948.240723 166.437485 7 302
767.188660 1474.446167 2195.959961 2160.000000 67 302
