2251.001953 144.501343 2365.895020 400.992493 0 142
2380.348389 177.939026 2792.544678 339.582916 2 142
1975.584106 121.498940 2390.442383 296.748016 2 142
2630.523682 122.945473 2921.787842 294.995239 2 142
3054.065430 143.612473 3251.648438 291.746857 2 142
1576.529663 60.428864 1734.199463 164.172348 2 142
2361.220459 66.223640 2534.477051 146.519501 2 142
685.057129 229.174683 1332.697510 578.038208 7 142
722.243103 1475.758179 2241.736816 2160.000000 63 142
699.496643 1482.451782 2125.063721 2160.000000 67 142
