2254.485107 146.135330 2350.895020 366.725433 0 107
1965.678345 124.166557 2392.243896 295.133270 2 107
2339.726562 164.894363 2821.423584 349.987885 2 107
2632.796631 124.495804 2919.950439 291.349274 2 107
3057.211426 144.272797 3244.526855 290.631287 2 107
773.573853 217.523560 932.243469 312.509979 2 107
1582.802368 60.569511 1737.727417 165.864471 2 107
2510.379639 78.668510 2740.769531 168.749985 2 107
678.831970 232.037415 1333.007690 579.149292 7 107
1556.158203 39.586254 1955.605225 167.349121 7 107
757.747375 1474.372070 2204.174805 2160.000000 67 107
