2247.395752 145.368683 2337.074707 344.937622 0 81
1975.528442 121.100113 2389.242432 299.338623 2 81
2381.164307 177.132553 2795.364014 342.322052 2 81
2629.985107 125.636436 2919.663818 294.654663 2 81
3053.211182 145.891449 3248.897949 286.472961 2 81
769.059204 233.741791 889.222046 319.439026 2 81
2503.920410 74.227005 2743.428711 172.305893 2 81
667.741455 230.278580 1344.649536 578.981201 7 81
1564.539062 39.243217 1953.677979 171.082062 7 81
2520.091309 61.452881 2726.961182 162.275146 7 81
752.219299 1480.176025 2214.446777 2160.000000 73 81
