2254.439453 153.991348 2353.212158 385.747253 0 136
1967.482788 121.798203 2388.468262 290.774323 2 136
2342.576172 164.295715 2821.021973 349.667786 2 136
2633.672852 124.408371 2919.660645 291.961761 2 136
3057.941162 146.771835 3254.032959 289.233856 2 136
775.804932 227.021133 927.136719 319.317047 2 136
1581.859619 60.530544 1738.249756 165.011658 2 136
678.789429 233.975128 1332.683472 578.108093 7 136
2280.974609 366.918732 2360.756592 396.788971 36 136
766.297241 1466.290161 2184.903564 2160.000000 73 136
