2266.814697 138.988831 2325.355225 321.287476 0 47
1982.052002 117.827789 2402.913086 304.411804 2 47
2340.586914 167.823822 2819.811035 348.710510 2 47
3054.777344 145.461609 3248.025635 289.037109 2 47
2631.110596 127.087891 2920.489990 291.673828 2 47
2512.913086 77.222549 2732.258301 171.723969 2 47
768.728699 232.146362 888.260498 318.579010 2 47
1584.946655 60.558926 1738.692261 165.588211 2 47
2893.037109 120.744087 3070.858643 231.470474 2 47
663.763123 229.910873 1346.020874 571.363892 7 47
1561.915283 39.323841 1949.102905 172.149689 7 47
744.954651 1474.782227 2239.693359 2160.000000 67 47
