2208.692627 142.961533 2323.410156 447.652679 0 206
1958.119507 125.846550 2394.729004 292.630432 2 206
2336.279541 165.222229 2826.417725 349.738281 2 206
3057.270264 145.764084 3253.610107 289.593201 2 206
2628.053955 123.930580 2921.177734 291.447144 2 206
775.426025 225.374100 926.647827 319.934570 2 206
1581.778198 60.606133 1738.123779 165.473434 2 206
673.900513 232.586273 1330.958008 575.277771 7 206
1561.485840 39.441429 1955.905273 167.717270 7 206
762.344666 1472.463867 2204.830811 2160.000000 67 206
