1426.525391 424.884552 1803.395386 1319.341919 0 379
1969.851562 127.131950 2376.448242 291.187805 2 379
2340.270020 164.921021 2822.019043 342.648682 2 379
2634.107666 124.566299 2916.120850 293.137299 2 379
3054.861572 146.820938 3261.498047 287.680756 2 379
773.631531 214.459183 939.386841 313.700500 2 379
680.833008 226.591522 1348.944336 569.576660 7 379
1574.858765 38.088280 1944.933350 169.286713 7 379
737.705322 1484.088989 2227.999512 2160.000000 63 379
695.453491 1479.644531 2138.592041 2160.000000 67 379
