2253.086426 147.344849 2361.340088 379.080139 0 123
1967.579590 123.542854 2391.542480 298.818268 2 123
2329.673340 165.753235 2822.114014 346.869720 2 123
2629.351318 122.124817 2921.211914 294.132477 2 123
1577.824341 59.628578 1733.311035 167.281479 2 123
3072.843018 125.440971 3365.819580 301.081451 2 123
2515.333984 94.963295 2622.619873 166.760773 2 123
684.658875 234.613708 1333.085449 572.822998 7 123
699.694153 1472.165405 2279.313232 2160.000000 63 123
681.715149 1472.855469 2150.316162 2160.000000 67 123
