2249.714600 149.939224 2366.116699 412.275787 0 147
2380.729736 177.784988 2792.094238 340.671478 2 147
1970.790405 121.407616 2389.287598 295.756958 2 147
2630.366455 122.667267 2922.377930 296.819794 2 147
3056.494873 140.951385 3253.083496 292.944244 2 147
1577.720703 59.200111 1734.016602 164.096588 2 147
2361.768799 66.768204 2535.387695 146.704773 2 147
684.183594 230.785431 1336.035645 573.712646 7 147
721.008118 1479.942993 2240.592041 2160.000000 63 147
695.466858 1488.939453 2129.927490 2160.000000 67 147
