1861.427490 305.028412 2080.785400 864.043884 0 334
1962.488159 129.753906 2381.979492 288.342468 2 334
2340.736084 165.576996 2817.899414 341.715057 2 334
2631.970947 124.256165 2920.786377 293.154480 2 334
3056.620117 144.512665 3245.993896 289.251343 2 334
775.221130 224.750854 926.014221 320.388214 2 334
1582.137695 59.586235 1738.161621 165.079407 2 334
2507.817871 76.769249 2744.646484 170.264496 2 334
678.989136 234.262604 1330.715698 576.882202 7 334
1570.310913 39.517704 1947.804443 165.502838 7 334
753.513306 1470.166138 2217.586670 2160.000000 67 334
