2211.251221 145.419724 2322.126953 442.636261 0 199
1960.450684 124.757759 2386.304932 292.127838 2 199
2337.707764 165.586838 2821.902344 352.009949 2 199
2628.218750 123.611290 2920.601562 291.160583 2 199
3057.370361 145.480377 3251.651367 289.775024 2 199
1580.707153 60.636917 1739.134155 165.418045 2 199
775.388977 226.344101 926.085449 319.148132 2 199
670.697083 230.714706 1334.715088 577.578247 7 199
1562.065674 37.903515 1957.570801 167.919144 7 199
760.918213 1471.873291 2204.640625 2160.000000 67 199
