2130.494385 166.851868 2248.774902 572.850708 0 263
2378.431396 174.876923 2794.902100 342.049225 2 263
1969.032593 127.946999 2375.848389 294.901398 2 263
3055.676514 148.026001 3249.981934 290.732208 2 263
2633.689941 124.051201 2920.030273 294.919708 2 263
775.626831 225.982574 926.662598 320.458588 2 263
1584.067993 59.636475 1736.765625 164.899506 2 263
2509.466553 77.630188 2741.202393 169.968903 2 263
673.842957 233.307709 1336.617432 578.112671 7 263
1574.281860 40.654503 1943.567871 169.207291 7 263
760.429260 1475.042847 2198.867920 2160.000000 67 263
