2068.534424 197.690842 2267.024414 658.151184 0 282
1984.257324 128.858063 2395.195801 287.409302 2 282
2339.918945 168.068375 2826.729980 342.201904 2 282
2640.679688 125.696747 2917.997070 291.711823 2 282
3057.168213 147.862579 3249.308350 289.932495 2 282
1583.175781 60.660320 1735.059937 164.387497 2 282
773.930969 214.275726 936.905029 314.553436 2 282
685.725464 231.861176 1340.127197 568.726013 7 282
716.569092 1487.469360 2128.769287 2160.000000 67 282
760.312683 1477.705200 2192.911377 2160.000000 73 282
