1984.504761 226.060852 2173.838623 751.387695 0 309
1972.431519 130.603867 2384.190430 285.608368 2 309
2378.285400 177.606110 2797.763184 343.097290 2 309
3057.736328 147.720901 3254.145508 287.957703 2 309
2635.245117 126.524956 2920.834717 291.722260 2 309
775.804382 227.581772 922.882935 318.557251 2 309
2520.976807 63.484207 2733.491211 162.378143 2 309
665.718933 230.480453 1342.953003 583.454224 7 309
1569.454712 36.802364 1955.745117 174.665558 7 309
741.150024 1472.263794 2224.007812 2160.000000 67 309
