2251.835693 156.726593 2357.698730 399.634064 0 146
1968.271973 120.212280 2387.710693 292.840454 2 146
2341.327881 165.464737 2811.956543 347.647797 2 146
2632.214600 125.081398 2918.895020 292.294220 2 146
3057.709229 149.703354 3245.700928 289.216675 2 146
777.197693 225.868256 927.009216 320.187927 2 146
2518.780029 68.583527 2729.734863 161.646408 2 146
2900.485107 136.665344 3061.429199 232.563614 2 146
687.996460 239.381088 1342.749023 564.880798 7 146
1579.748169 39.727932 1941.739746 165.778870 7 146
762.372070 1473.707764 2211.719482 2160.000000 67 146
