2002.804565 239.508575 2179.411621 705.939758 0 304
1971.541748 130.155136 2380.157715 291.052429 2 304
2387.113037 174.449036 2791.013184 344.047485 2 304
3057.721436 147.603821 3249.653320 289.674225 2 304
2635.574219 126.824104 2920.720215 291.081604 2 304
769.124451 232.249710 889.478333 318.664948 2 304
2517.807617 62.296940 2739.184326 163.622925 2 304
1583.426025 60.129829 1740.033081 165.599655 2 304
2893.743408 120.211250 3063.694580 231.926407 2 304
677.469971 235.213272 1342.608521 569.490112 7 304
1554.308228 32.165852 1959.658691 167.638199 7 304
2520.875244 62.195946 2771.470215 164.336807 7 304
764.103760 1487.852905 2225.846436 2152.551270 67 304
