2259.116943 147.096161 2352.510254 384.935272 0 140
2382.206543 178.228104 2798.593018 341.323792 2 140
1969.398560 124.711639 2400.416504 295.812012 2 140
3056.011230 142.202560 3244.195312 288.939392 2 140
2627.542969 127.634575 2919.896973 293.022278 2 140
776.404541 226.011993 922.721313 321.074402 2 140
2511.291260 74.191467 2734.336914 173.199341 2 140
673.190918 224.768478 1352.537964 577.385864 7 140
1572.315308 41.090466 1943.384277 172.276260 7 140
758.941711 1487.496582 2227.750244 2160.000000 67 140
