2265.557373 137.404861 2323.655518 316.302094 0 38
1975.885254 119.527580 2394.832031 299.996094 2 38
2342.150635 165.916199 2818.906982 344.711578 2 38
3056.363037 149.069122 3249.300781 289.973602 2 38
2632.991943 125.502197 2919.731445 289.993622 2 38
775.050476 225.218460 922.611450 319.907562 2 38
2507.416748 79.287926 2741.209961 169.732346 2 38
680.026062 237.457458 1351.419189 567.727539 7 38
1566.524658 40.139748 1948.742920 168.768753 7 38
779.050171 1494.218872 2185.519775 2148.004150 67 38
