2184.448730 175.826675 2298.493652 503.033142 0 225
2376.149170 176.514923 2795.397461 342.222626 2 225
1968.361694 126.873772 2390.665527 295.474518 2 225
2632.410645 125.094101 2919.378174 293.499847 2 225
3053.643799 148.870346 3262.297119 287.282745 2 225
1583.219604 59.919601 1736.628418 165.301544 2 225
776.062195 215.139297 942.759399 314.415649 2 225
687.053955 229.491562 1343.891724 566.151123 7 225
1582.263794 37.649113 1943.374512 168.042633 7 225
2199.794678 472.113739 2319.168945 527.370605 36 225
738.479614 1471.724365 2226.004639 2160.000000 67 225
