1375.249268 421.389069 1682.581665 1352.594727 0 387
1965.794067 130.286057 2381.032471 291.494171 2 387
2340.670654 164.456848 2817.434814 341.605194 2 387
2635.535889 125.787498 2918.458740 290.254425 2 387
3058.643799 148.578629 3245.669922 289.882965 2 387
772.410339 214.899429 938.832031 313.688019 2 387
2519.177979 62.953659 2736.684814 163.559174 2 387
2897.595703 133.200073 3066.433105 233.840088 2 387
1580.355225 59.264256 1737.719238 166.303467 2 387
681.938660 237.620193 1344.702515 567.480347 7 387
1572.499878 37.819057 1951.711060 166.452698 7 387
772.413757 1487.896240 2200.184326 2160.000000 73 387
