2142.161133 190.843948 2249.363281 546.545532 0 255
1955.362793 133.645355 2395.948975 301.104462 2 255
2345.595459 170.789093 2815.030029 351.464294 2 255
3057.711670 147.043411 3263.405029 290.983765 2 255
2631.821289 127.356483 2923.894043 294.449585 2 255
772.009094 232.461761 889.637146 317.682251 2 255
2503.949707 74.948380 2746.704102 173.173477 2 255
1584.684082 58.665215 1737.855347 164.287827 2 255
2892.280518 133.687592 3070.460938 233.277496 2 255
666.089478 229.463303 1353.902710 574.373535 7 255
1556.167114 39.638897 1956.194580 170.203278 7 255
706.581116 1477.377930 2264.690186 2160.000000 67 255
