2249.345459 136.876022 2342.533447 358.640533 0 94
2387.049561 176.280884 2792.761719 342.273773 2 94
1970.914917 119.158569 2391.980469 301.171051 2 94
3055.603027 147.182907 3254.134766 287.597809 2 94
2634.755371 126.321594 2920.054199 292.465302 2 94
2500.182129 74.526497 2744.934082 171.864609 2 94
775.844666 229.104065 923.743530 317.409637 2 94
669.729004 230.613663 1346.779297 571.736389 7 94
1553.794189 34.813213 1960.114624 169.333298 7 94
2519.305176 62.704350 2730.220703 162.448303 7 94
762.413879 1479.088135 2211.408936 2160.000000 67 94
