2005.156128 235.955414 2180.417236 737.443298 0 305
1973.979858 129.063492 2378.293701 286.826019 2 305
2344.452881 164.370224 2815.479736 342.162415 2 305
2633.847656 123.946373 2920.611572 293.103546 2 305
3055.210693 147.857422 3248.740723 289.367737 2 305
775.467041 225.587524 926.325928 319.318512 2 305
1582.537720 59.662624 1738.290161 165.334961 2 305
668.315918 234.883911 1333.872192 576.631958 7 305
1572.618652 38.845650 1948.170898 166.468262 7 305
766.087280 1475.435181 2197.245361 2160.000000 67 305
