2254.930420 142.917816 2320.102783 322.113739 0 58
1973.100220 121.720726 2391.602783 298.726013 2 58
2341.101807 166.352219 2823.542480 347.221741 2 58
2634.480713 124.628784 2919.607666 292.267548 2 58
3057.794922 147.210037 3250.881104 290.841858 2 58
775.416748 226.155045 928.435852 319.427826 2 58
1581.718750 60.052010 1736.583374 166.086716 2 58
2509.692627 77.710983 2741.927002 169.203751 2 58
671.107056 234.912750 1342.131958 574.556641 7 58
721.209534 1475.644165 2120.731201 2160.000000 67 58
755.587830 1465.612061 2212.383545 2160.000000 73 58
