1373.783936 407.777008 1682.603027 1362.871582 0 387
1965.524292 125.630600 2379.652100 294.699646 2 387
2335.971436 164.711258 2815.681885 350.541321 2 387
2634.658447 125.364754 2919.857910 292.590149 2 387
3056.804443 144.922943 3256.261230 289.969238 2 387
1580.819580 60.602757 1735.194824 165.298798 2 387
777.396790 228.130173 932.369324 318.219879 2 387
692.799744 233.968033 1336.301636 561.903748 7 387
739.724854 1499.640625 2231.642578 2160.000000 63 387
685.330505 1499.476196 2152.484131 2160.000000 67 387
