2254.175537 153.407578 2348.966064 375.261353 0 118
1971.242188 121.327278 2384.625732 293.213409 2 118
2383.516113 175.875305 2795.454834 340.341095 2 118
2635.998047 125.795624 2920.006592 293.114655 2 118
3056.644775 146.077881 3251.730957 287.180084 2 118
768.412109 232.378448 889.072876 318.896912 2 118
2514.431152 63.482090 2738.397949 163.583328 2 118
2893.085205 119.154678 3069.165527 233.123001 2 118
665.032776 239.104828 1347.935669 568.161133 7 118
1544.995117 34.050007 1962.419922 171.221222 7 118
778.258789 1482.450806 2208.288086 2154.025391 67 118
