2255.336914 148.257172 2351.348633 384.376465 0 140
2381.084473 175.611862 2798.726318 341.309265 2 140
1973.669434 123.499138 2393.113281 294.144043 2 140
3056.462646 146.188995 3237.449219 288.221375 2 140
2638.027588 127.814018 2920.545166 290.493835 2 140
770.616516 232.920334 889.504211 318.660156 2 140
2506.493652 74.247086 2736.596680 174.836304 2 140
2894.335205 134.477463 3071.858154 234.102386 2 140
671.579468 224.865524 1344.979736 570.237427 7 140
1558.742676 35.116253 1953.406372 169.966492 7 140
731.616577 1484.402588 2250.679932 2160.000000 67 140
