2217.754395 147.454819 2331.265625 439.554504 0 182
1955.049316 126.320107 2390.199463 294.761322 2 182
2343.150146 168.126511 2816.734619 350.136322 2 182
2634.151123 126.606895 2921.912598 290.484467 2 182
3057.267822 143.858414 3256.973633 288.643799 2 182
768.652222 231.098434 889.510742 319.168274 2 182
2514.199463 64.307495 2739.341064 163.588242 2 182
2893.700195 132.991440 3069.512695 234.560730 2 182
668.252258 238.913605 1347.335571 567.953857 7 182
1558.305908 37.176243 1950.715820 169.173767 7 182
760.714722 1497.720947 2238.343506 2151.409180 67 182
