2140.361816 157.019226 2259.287354 569.564758 0 249
2380.527588 178.551849 2796.093506 342.742737 2 249
1963.518066 130.027313 2390.290283 303.180756 2 249
3056.473389 145.125839 3244.163330 290.326416 2 249
2632.480713 127.355568 2918.728516 292.839172 2 249
772.964294 223.741364 932.823364 321.279816 2 249
2508.189697 75.528885 2737.669434 171.810822 2 249
1584.454590 57.999054 1738.916382 167.193130 2 249
675.748535 224.690994 1347.086792 572.524780 7 249
2512.228760 63.467098 2726.404541 161.980469 7 249
1560.544067 34.448833 1961.806030 175.625824 7 249
752.746033 1480.109863 2244.373535 2160.000000 67 249
