2211.602295 147.356522 2327.664062 440.139618 0 185
1961.972656 124.389832 2384.125000 291.848480 2 185
2342.806885 165.526184 2826.439209 348.106812 2 185
2637.232666 124.092171 2918.471680 291.384430 2 185
3059.941895 149.490387 3257.022461 289.253632 2 185
772.126831 215.732101 938.311523 313.795380 2 185
1579.793091 60.926853 1739.444946 164.949173 2 185
2512.991455 77.398903 2737.288818 169.202255 2 185
688.936768 232.115356 1346.605347 564.933777 7 185
747.031494 1474.383911 2209.512451 2160.000000 67 185
