1874.380005 293.844543 2103.498535 855.448669 0 332
1971.316406 128.945847 2380.291992 288.985504 2 332
2342.910889 164.911530 2805.034668 340.859406 2 332
2637.069824 125.674431 2917.917236 292.969421 2 332
3057.318604 149.822830 3242.329590 289.430237 2 332
774.421814 212.709488 936.241028 314.289764 2 332
2897.539062 135.246613 3063.646729 232.413361 2 332
684.440308 238.440964 1341.501709 565.545105 7 332
1576.861328 40.410801 1946.417480 164.464859 7 332
757.781250 1465.982300 2221.848389 2160.000000 67 332
