2156.123047 172.972977 2292.418945 513.738892 0 235
1956.801147 133.918304 2408.117188 297.137573 2 235
2382.187256 174.447540 2795.026611 341.667236 2 235
3056.129395 144.451218 3242.794922 289.764862 2 235
2634.875244 125.808556 2921.106689 291.730499 2 235
2505.280273 74.022728 2737.946289 172.535461 2 235
776.706177 227.217621 926.555481 319.100861 2 235
2895.368408 134.075089 3073.867432 234.714188 2 235
668.222656 234.249557 1353.419067 573.682251 7 235
1560.370239 38.755470 1951.181396 171.021637 7 235
762.556213 1477.746216 2223.498779 2160.000000 67 235
