2089.099365 213.984711 2247.369873 607.344910 0 274
1959.174805 131.456100 2398.450439 291.489594 2 274
2343.312744 165.045990 2817.956787 345.793518 2 274
2634.598145 124.008057 2920.290039 292.424561 2 274
3054.801514 147.776749 3248.045898 290.669495 2 274
776.217773 225.117401 925.546692 320.966003 2 274
1583.324829 59.665771 1737.606445 164.646133 2 274
2509.886475 76.791794 2742.879395 170.486176 2 274
677.180725 234.156860 1331.581787 573.062866 7 274
1572.718140 40.332066 1946.129028 166.389877 7 274
751.848511 1473.586304 2205.801514 2160.000000 67 274
