2193.766113 160.213043 2302.163086 481.418243 0 219
1961.219971 128.062363 2401.583008 297.819641 2 219
2384.894775 178.789886 2796.559814 341.366241 2 219
3055.577148 143.053207 3250.448975 289.913849 2 219
2632.509033 125.909264 2919.662354 289.863953 2 219
770.623901 232.300400 890.975830 319.825043 2 219
2505.116943 73.977234 2738.448975 173.426620 2 219
2900.921143 136.091995 3071.163086 232.467712 2 219
657.668884 229.972443 1351.620239 570.034058 7 219
1564.804321 37.084633 1949.175903 172.827515 7 219
2513.906006 63.884693 2731.887695 161.842682 7 219
724.979919 1479.335327 2263.339355 2160.000000 67 219
