1412.909790 413.388031 1740.415161 1355.695190 0 383
1963.078247 127.539589 2382.502686 293.138336 2 383
2335.173340 164.746277 2817.221436 349.570404 2 383
2634.655518 125.029556 2919.605957 292.116943 2 383
3057.623047 145.326462 3254.850586 289.885712 2 383
1581.374634 60.042683 1734.769653 165.130569 2 383
777.521484 228.712341 928.641174 317.888123 2 383
685.815063 231.488678 1335.733276 564.492737 7 383
727.381836 1500.293823 2244.156250 2160.000000 63 383
670.281921 1490.739624 2161.780029 2160.000000 67 383
