956.268982 841.150757 1400.983643 1571.581299 0 410
1966.220703 128.969070 2382.229492 291.844360 2 410
2342.035645 164.707245 2818.612793 342.542938 2 410
2631.743408 125.797340 2918.379395 290.715393 2 410
3057.248779 151.252090 3245.666992 289.588257 2 410
2894.756592 134.035828 3067.334473 233.051941 2 410
771.657593 215.780396 938.298462 312.906860 2 410
1580.667969 60.109116 1737.151733 167.021362 2 410
2509.574219 75.549652 2742.411133 170.192291 2 410
685.482910 235.580505 1340.925171 562.775574 7 410
1575.671021 37.702900 1948.652954 167.218079 7 410
