929.643494 878.019531 1400.032471 1574.274780 0 411
1964.071777 130.151703 2384.405518 292.210327 2 411
2341.724609 165.091202 2819.701416 344.023010 2 411
2632.790527 125.584366 2918.037842 291.454346 2 411
3059.176758 148.638367 3246.561035 289.352875 2 411
771.581665 215.887970 940.027954 313.066376 2 411
1581.265625 60.547825 1738.201050 166.535553 2 411
2895.100830 120.758965 3064.064209 231.698212 2 411
2507.633301 76.222336 2746.016113 170.553009 2 411
680.841919 234.398224 1344.455444 561.624817 7 411
