2136.391602 197.458755 2250.477295 545.584106 0 258
1960.650269 130.518600 2383.692383 299.401581 2 258
2341.271240 167.156281 2809.060547 341.094330 2 258
2635.829102 125.179131 2918.024414 293.945587 2 258
3057.982422 150.923065 3243.466064 289.255127 2 258
778.687256 225.914825 925.823853 320.465454 2 258
1581.803955 59.282223 1736.874878 166.087173 2 258
2519.146240 68.519669 2728.520020 161.006912 2 258
2899.738281 135.560410 3065.492432 231.874344 2 258
688.401794 237.256149 1339.210327 566.243774 7 258
1575.183228 38.363510 1947.668701 166.259521 7 258
746.662720 1470.605103 2230.066895 2160.000000 67 258
