2216.544678 146.054871 2326.846924 441.641998 0 185
1955.438599 127.323524 2396.518555 293.346832 2 185
2346.427246 166.814560 2813.958252 355.391205 2 185
3058.044189 144.722549 3245.385010 287.617126 2 185
2632.010254 126.962120 2920.363770 294.103058 2 185
779.272888 228.782150 921.132812 317.568848 2 185
2501.699463 74.478600 2744.000000 171.979507 2 185
2895.398438 133.389008 3070.757568 234.512665 2 185
179.101624 0.000000 2603.290771 2160.000000 4 185
660.031982 228.287537 1352.440918 567.755920 7 185
1556.643799 35.271378 1957.538574 169.792999 7 185
2517.049561 61.914021 2727.566406 162.757172 7 185
376.271545 0.000000 2864.713379 2160.000000 25 185
2251.989014 423.821838 2328.572998 453.126740 36 185
