2265.582275 139.245071 2323.708008 320.027130 0 39
1979.010010 119.001556 2400.409912 297.868408 2 39
2344.751221 167.743027 2813.205078 350.629913 2 39
3057.314209 146.551544 3256.524658 289.052673 2 39
2632.460205 126.007339 2920.477295 291.818939 2 39
2520.489502 63.216129 2731.612793 163.229126 2 39
768.119080 231.253265 889.943054 320.714233 2 39
1584.048096 60.797249 1741.025024 164.974243 2 39
2891.590820 133.367493 3069.677979 233.108246 2 39
672.247009 237.435593 1350.036987 566.572693 7 39
1547.092285 35.981483 1964.594727 166.374649 7 39
723.715088 1486.880859 2122.007324 2160.000000 9 39
762.336731 1488.640503 2225.339600 2153.891602 67 39
