1673.958618 332.309052 1934.190063 1059.744751 0 358
1973.772705 129.433823 2379.292236 290.377563 2 358
2342.264160 170.633682 2814.420410 342.652802 2 358
2637.967041 127.212288 2921.505615 291.317352 2 358
3056.379150 145.496628 3252.544678 287.216583 2 358
769.737366 231.795151 889.373413 319.107849 2 358
2520.522461 61.307484 2732.574463 163.028519 2 358
1583.163696 59.605804 1739.109985 165.528244 2 358
664.746826 234.782516 1342.513672 575.278992 7 358
1562.936035 39.600903 1881.584351 177.618591 7 358
754.769897 1487.594727 2233.951416 2160.000000 9 358
