2210.586670 139.000397 2324.490234 447.846436 0 199
1957.646606 125.215523 2388.116211 294.411133 2 199
2382.657715 176.677200 2793.365967 342.830994 2 199
2635.671143 125.963280 2920.473877 290.450348 2 199
3060.762695 151.848099 3248.011475 288.434692 2 199
2895.542480 133.963623 3069.201660 232.722916 2 199
770.839478 215.949997 936.500000 313.455933 2 199
1583.055664 58.784348 1736.582520 165.279572 2 199
678.979919 237.082199 1345.938599 566.718750 7 199
1570.752808 38.009029 1952.228516 165.674850 7 199
757.607849 1482.203003 2213.033447 2160.000000 67 199
