2248.331299 143.248093 2332.662354 346.215454 0 81
1978.975830 119.029762 2389.643066 299.451355 2 81
2337.846436 169.370026 2816.348145 349.625458 2 81
3055.001221 147.114365 3251.288086 287.124817 2 81
2637.380127 126.241600 2919.477051 292.149353 2 81
768.080750 232.351440 888.101379 318.036560 2 81
2521.128906 63.453423 2735.789307 163.595108 2 81
671.560120 236.074203 1344.503784 569.604492 7 81
1545.305908 36.366577 1962.248291 170.884888 7 81
2523.868164 61.853195 2770.169189 165.046341 7 81
755.668396 1481.209839 2218.103027 2160.000000 67 81
