2140.535400 150.010056 2260.354004 578.475037 0 248
2384.490723 176.235229 2795.220215 342.604858 2 248
1964.478271 131.879425 2387.809814 300.824646 2 248
3056.229980 146.003036 3251.444092 290.272980 2 248
2631.363525 127.444489 2921.615479 291.653931 2 248
776.901062 225.190872 931.246399 319.793671 2 248
2509.760498 74.252922 2733.374756 173.469528 2 248
669.954895 227.233414 1346.310303 576.197205 7 248
1560.187134 39.539448 1954.264404 173.928329 7 248
759.299133 1475.757690 2235.396484 2160.000000 67 248
