1032.816895 644.940918 1440.224487 1546.765991 0 405
1968.477539 128.327866 2376.978027 292.269501 2 405
2341.132324 164.552643 2815.724854 340.747467 2 405
2636.340820 125.355598 2917.385986 292.450104 2 405
3057.601318 150.323288 3241.973389 289.937531 2 405
773.951843 213.262466 937.786560 314.723724 2 405
2900.344238 134.607117 3063.599121 232.783920 2 405
1581.197754 58.591286 1735.792236 167.031082 2 405
2519.916748 68.506676 2728.493164 162.129807 2 405
682.687073 237.852844 1347.946777 563.191406 7 405
782.637390 1500.073364 2222.467773 2160.000000 7 405
1578.768066 38.219372 1948.659058 167.774841 7 405
