2252.140869 155.253510 2356.978760 395.854553 0 145
1968.687622 120.316307 2387.275879 289.634613 2 145
2376.133301 177.023956 2799.128906 341.927124 2 145
2632.475098 124.445450 2918.813721 290.634033 2 145
3055.956787 146.071121 3250.454590 289.564240 2 145
775.993103 226.543915 927.686584 319.214050 2 145
1581.950195 60.976463 1740.345703 165.829910 2 145
2507.695557 79.213196 2742.543945 169.713013 2 145
674.228516 231.439575 1336.770386 576.296509 7 145
727.030701 1471.693604 2117.150635 2160.000000 67 145
765.127747 1468.525513 2185.971191 2160.000000 73 145
