2239.268311 165.199112 2350.425781 420.804718 0 167
2382.773438 174.740280 2796.201416 344.062927 2 167
1964.603271 125.072929 2393.331299 292.731598 2 167
2632.012939 126.666290 2918.476074 292.293640 2 167
3055.535889 143.813782 3252.390869 288.936310 2 167
2504.963379 74.061348 2742.637451 173.260330 2 167
776.728577 226.791107 924.789429 318.090698 2 167
1583.388062 61.638046 1739.233521 163.417725 2 167
659.924438 224.981445 1353.667725 582.454346 7 167
1554.566162 37.002350 1953.750854 174.588531 7 167
2517.368408 62.310272 2729.241211 162.865204 7 167
737.075745 1486.803101 2239.694824 2160.000000 67 167
