2255.186035 140.602676 2321.270264 324.626404 0 57
1973.625122 118.981583 2383.399902 301.090271 2 57
2340.979248 167.814209 2813.031006 340.178009 2 57
2636.811279 126.810600 2917.958252 290.989594 2 57
3059.614746 149.289764 3241.110840 289.640808 2 57
772.410034 213.709702 937.566345 314.399841 2 57
2520.826660 67.687050 2729.795654 162.343018 2 57
1582.198120 58.945080 1736.311768 166.700699 2 57
2900.660156 137.416992 3060.385742 231.247086 2 57
685.827759 238.371384 1339.346191 566.273438 7 57
1574.928589 38.622604 1947.791016 165.562927 7 57
759.735046 1468.024414 2216.803711 2160.000000 73 57
