2201.710938 160.842575 2315.318115 485.294464 0 211
2341.017334 166.121964 2826.862305 343.477692 2 211
1956.665894 126.023476 2391.370605 295.416626 2 211
2635.793457 123.270943 2919.120361 293.737091 2 211
3056.071289 146.599716 3254.637695 289.062195 2 211
772.886230 216.770309 940.023438 312.173523 2 211
2509.515381 77.509567 2742.857666 170.007126 2 211
684.166260 231.041321 1347.245972 569.079895 7 211
1578.617798 41.426922 1938.801636 169.683716 7 211
746.043518 1482.097656 2218.983154 2160.000000 67 211
