1930.835571 251.769775 2173.221436 809.381775 0 320
1979.430420 125.981018 2372.457520 284.485352 2 320
2337.556641 167.073654 2812.869385 344.390686 2 320
2635.701172 125.343468 2918.158447 291.353973 2 320
3054.637939 144.799576 3265.219971 286.702637 2 320
775.501160 213.078445 933.481018 314.813904 2 320
2514.699463 92.520897 2627.844482 166.809067 2 320
1582.311523 59.252525 1735.738403 163.465454 2 320
682.684631 232.260010 1338.808105 572.617554 7 320
727.579346 1479.336914 2242.512207 2160.000000 67 320
