2215.655029 153.775970 2319.620361 435.874878 0 195
1960.398926 125.129807 2386.071533 290.458710 2 195
2337.502686 165.496887 2815.745850 351.031006 2 195
2634.052246 125.165741 2918.964600 293.648621 2 195
3055.476074 147.667801 3260.575195 290.445190 2 195
774.847900 215.167221 943.002808 314.696014 2 195
1581.465820 59.521576 1734.991943 165.130676 2 195
688.206360 231.194443 1339.295410 566.545227 7 195
1576.065918 38.542267 1948.508057 166.384491 7 195
732.322754 1467.798706 2223.000732 2160.000000 67 195
