2205.263916 189.511749 2343.285156 468.534943 0 200
2336.704834 164.758179 2825.273682 352.310120 2 200
1946.115967 131.504517 2397.415527 294.960236 2 200
2643.176025 129.404404 2924.081299 289.185211 2 200
2513.562012 98.201691 2622.918701 169.077286 2 200
3055.589600 143.646927 3248.347412 293.347748 2 200
1586.685547 58.198467 1734.190063 168.992371 2 200
660.263367 231.181061 1343.688232 579.619324 7 200
2428.047852 591.215698 3840.000000 1920.499512 33 200
718.538330 1463.771851 2279.891602 2160.000000 41 200
646.836121 1470.188232 2176.083008 2160.000000 67 200
