2137.973633 190.747253 2260.248779 575.231201 0 249
2339.876221 161.702606 2810.201416 350.569489 2 249
2632.732910 125.034363 2946.272461 291.209656 2 249
675.154358 242.373032 1337.554321 557.199768 2 249
2134.149658 128.514740 2381.667480 277.804749 2 249
1971.980347 135.740768 2194.517090 301.348907 2 249
2509.444092 96.744972 2633.970947 171.419205 2 249
1584.026489 57.598225 1734.377075 164.802002 2 249
3068.213867 152.474777 3453.603760 309.946838 2 249
699.312256 1489.363281 2138.553711 2160.000000 9 249
759.409302 1484.595947 2213.717773 2160.000000 67 249
