2102.091064 204.224838 2260.573486 601.457947 0 267
2361.496094 172.168106 2780.380859 339.843506 2 267
1979.302734 121.721069 2380.669922 292.915741 2 267
2650.290039 125.459969 2934.475098 294.965271 2 267
1582.029785 60.586220 1733.192505 163.110916 2 267
2512.061035 86.472870 2672.904053 169.589066 2 267
3057.442383 147.443039 3461.841797 315.364929 2 267
681.618103 236.952881 1340.368164 566.946899 7 267
2114.293945 572.515930 2290.470215 647.409302 36 267
726.581238 1486.277344 2250.741455 2160.000000 73 267
