2079.881836 206.381485 2260.595947 670.215759 0 277
2373.959473 176.337189 2803.448486 343.779358 2 277
1966.768433 124.227211 2398.103516 287.636017 2 277
2640.648193 129.076874 2931.575928 292.646362 2 277
1583.383423 55.292183 1731.673462 162.158997 2 277
3062.239990 156.913361 3260.774170 293.452362 2 277
2517.136230 95.336090 2627.402832 165.688583 2 277
698.058533 240.190308 1325.639648 562.199585 7 277
2117.083496 606.675293 2285.529053 690.712219 36 277
727.987610 1463.021484 2254.021729 2160.000000 67 277
