2257.946777 121.273491 2384.184570 407.450836 0 133
2339.497314 161.343033 2817.658936 352.748199 2 133
1964.691772 116.816650 2383.588135 305.575775 2 133
2648.781982 128.452606 2925.404053 290.499329 2 133
1582.085205 53.066536 1733.405396 164.526428 2 133
2516.568604 89.873421 2652.062500 168.431381 2 133
3054.755615 159.122528 3248.264648 291.717896 2 133
685.611084 240.752319 1321.436890 569.828979 7 133
2439.653564 587.503845 3840.000000 1931.693970 25 133
730.536072 1463.073242 2237.181641 2160.000000 41 133
667.279602 1466.622314 2167.079346 2160.000000 73 133
