1774.387329 308.625519 2050.444092 971.744690 0 345
1941.321411 130.300934 2400.441895 292.977783 2 345
2361.957764 175.651230 2812.891846 348.053253 2 345
2656.603027 129.666931 2918.900146 291.363922 2 345
1577.412598 59.780155 1734.607666 165.843643 2 345
3047.991943 152.475235 3241.622314 293.482910 2 345
2512.668457 92.756020 2634.970215 168.244843 2 345
690.683777 234.383575 1337.538940 582.211853 7 345
2434.822266 611.094116 3840.000000 1923.138062 25 345
2471.085205 777.386475 3840.000000 1930.537109 33 345
1784.043335 972.450562 2076.980225 1117.532227 36 345
752.040466 1460.357544 2465.220215 2160.000000 63 345
691.071045 1468.939697 2303.507080 2160.000000 73 345
