2076.204102 185.817474 2263.209229 679.350342 0 279
2377.126953 173.695663 2801.321533 341.730164 2 279
1981.533447 125.275375 2393.078369 287.232147 2 279
1583.055786 55.557514 1734.409180 162.163223 2 279
2647.278320 126.709892 2928.466553 289.333191 2 279
3056.876221 142.701981 3249.683105 290.486176 2 279
682.765686 243.753540 1322.511719 570.843079 7 279
2433.908691 576.742615 3840.000000 1927.243286 33 279
2089.702881 592.315002 2269.183350 713.506348 36 279
704.421082 1473.373169 2259.854736 2160.000000 73 279
