1944.538086 252.479309 2174.284668 800.548035 0 317
2344.315430 163.566620 2805.299805 349.962952 2 317
1989.355713 125.899078 2380.321045 286.053406 2 317
2660.003662 136.976166 2921.073730 294.519867 2 317
3055.884277 152.281479 3246.143799 296.520050 2 317
1583.873169 53.184639 1742.286621 168.170578 2 317
1430.134033 92.699310 1608.341187 175.445587 2 317
1608.068115 45.243813 1939.376343 166.689255 2 317
677.021118 245.561127 1346.064697 568.647034 7 317
2425.175537 553.307373 3840.000000 1955.528564 33 317
702.397888 1465.991699 2289.781250 2160.000000 67 317
788.462402 1445.618774 2414.681396 2160.000000 68 317
