2243.264160 129.933701 2367.727295 430.592621 0 157
2383.699463 170.336823 2802.049072 342.527374 2 157
1971.906616 120.759766 2288.583008 301.096680 2 157
2651.077637 125.184395 2924.612061 293.038757 2 157
1586.053589 55.316959 1733.567139 162.411453 2 157
3060.544434 156.756805 3255.288086 292.695679 2 157
2517.451660 90.735909 2650.105713 167.595963 2 157
1434.915649 89.578049 1600.870605 176.416733 2 157
681.049316 232.386124 1324.927490 582.385803 7 157
2432.946533 589.027588 3840.000000 1938.203613 25 157
723.609985 1480.145508 2258.349609 2160.000000 67 157
