1690.079224 295.772522 1947.683350 1003.526428 0 356
1954.271484 124.361679 2388.020996 291.509735 2 356
2366.199463 175.745529 2807.797607 343.678650 2 356
1578.605713 59.799210 1733.323486 164.055847 2 356
2638.348389 129.356110 2921.631348 289.997284 2 356
3057.730469 148.121445 3240.349365 291.413147 2 356
2515.901611 96.098953 2630.918701 167.192673 2 356
685.007935 232.054474 1325.435303 592.305298 7 356
2422.990234 566.540527 3840.000000 1949.539795 25 356
783.871460 1468.830078 2423.520752 2160.000000 41 356
723.234253 1475.931885 2268.161133 2160.000000 67 356
