2250.980713 135.019455 2372.328857 387.032288 0 116
2376.023926 177.386734 2807.008057 342.818634 2 116
1960.603027 121.783211 2394.408691 304.103149 2 116
2653.793213 130.860092 2924.707764 291.292969 2 116
1585.001953 54.699894 1732.819824 165.457062 2 116
3062.460205 160.756744 3259.475830 288.700317 2 116
704.025269 244.789688 1311.900391 572.882141 7 116
2480.181885 573.266602 3840.000000 1934.413086 33 116
718.444580 1478.050171 2245.195557 2160.000000 41 116
677.868713 1475.292603 2161.758545 2160.000000 74 116
