1667.733032 294.542511 1916.314209 1104.869751 0 359
1960.846191 121.729996 2381.167480 301.693817 2 359
2333.507080 161.491684 2820.687744 343.140076 2 359
2641.657715 126.232788 2932.502930 286.447540 2 359
1584.876587 47.464195 1739.402954 161.535400 2 359
2514.422852 94.996773 2632.101074 162.691833 2 359
1435.519165 87.499519 1583.189087 178.899292 2 359
697.183655 239.800400 1311.233521 576.947693 7 359
2458.206787 590.526306 3840.000000 1919.476929 33 359
733.881165 1486.679443 2269.650879 2160.000000 73 359
