2251.911865 122.038986 2373.927490 380.570404 0 102
2359.233154 176.900131 2827.677979 341.305023 2 102
1973.132568 114.071213 2383.208740 309.317413 2 102
1581.782593 54.700752 1740.401367 164.791473 2 102
2638.279541 129.625854 2936.795898 285.404663 2 102
1432.219604 89.771225 1585.097778 177.629349 2 102
3059.748535 136.803238 3240.445801 287.374512 2 102
1605.406006 47.367722 1939.474976 160.948898 2 102
714.627319 261.162872 1309.329590 563.178406 7 102
2433.458984 600.930359 3840.000000 1908.970337 33 102
676.865601 1469.581787 2312.566162 2160.000000 73 102
