2019.314697 222.284073 2206.592773 782.277100 0 302
2378.919678 175.743362 2801.375977 344.186890 2 302
1970.740967 121.869385 2400.626221 285.244781 2 302
2650.075195 126.189758 2923.805176 289.161407 2 302
1584.348511 54.215065 1732.492188 161.799072 2 302
3061.003418 156.368515 3259.555664 294.529816 2 302
2513.311035 94.596458 2631.128418 167.369949 2 302
694.422180 234.112808 1327.071899 576.953064 7 302
2433.260986 604.393555 3840.000000 1903.082764 33 302
710.733154 1462.648682 2256.225586 2160.000000 73 302
