2157.544922 157.677719 2313.730713 536.234497 0 236
2339.276611 163.060211 2813.343994 347.124695 2 236
651.360107 246.570496 1339.811890 585.403503 2 236
1991.749512 126.136429 2261.499023 295.050293 2 236
2628.922607 120.992538 2939.409668 300.785614 2 236
2131.209473 129.181824 2374.516357 279.983124 2 236
1582.962036 61.242252 1731.251587 166.329224 2 236
3056.847168 141.454803 3228.716797 290.609772 2 236
2510.102783 95.499741 2624.720459 165.972855 2 236
2354.616211 65.325333 2525.623535 144.864456 2 236
710.362122 1476.184326 2278.241699 2160.000000 62 236
