2254.627930 132.110703 2369.951416 381.608368 0 107
2378.040039 174.321548 2798.296875 344.466339 2 107
1959.999512 120.419418 2388.055664 302.016327 2 107
2648.127441 127.453415 2922.878662 294.401184 2 107
1580.822876 54.615265 1731.794312 163.715271 2 107
3049.693115 145.116348 3248.038818 288.946136 2 107
2515.952637 94.782593 2628.155518 165.274536 2 107
702.470276 238.232559 1328.998779 572.936279 7 107
2432.764893 573.217590 3840.000000 1945.445557 33 107
717.783691 1473.246826 2254.945068 2160.000000 41 107
671.315491 1478.972046 2161.817139 2160.000000 73 107
