2131.958008 215.983994 2250.777344 575.358215 0 254
2377.985596 178.145477 2800.669922 345.253693 2 254
1967.907837 121.651604 2382.366211 294.669312 2 254
2656.546387 131.632568 2929.098389 289.561493 2 254
1583.931274 54.471699 1730.389771 165.483841 2 254
2514.733887 95.849640 2627.328857 167.410461 2 254
3063.704346 160.242676 3254.930420 293.859985 2 254
698.207642 242.636597 1331.087402 566.591797 7 254
721.058289 1484.219849 2230.109619 2160.000000 73 254
686.789734 1484.722046 2156.761963 2160.000000 74 254
