2031.202637 209.278778 2252.349609 714.933899 0 288
2343.423584 163.445648 2829.109863 342.603577 2 288
1971.477539 125.797226 2383.625977 287.879883 2 288
2648.363525 128.609268 2923.551270 291.897461 2 288
1582.601562 56.884399 1737.501709 159.864105 2 288
703.890320 241.777023 1329.014648 581.271484 7 288
2483.304688 605.750610 3840.000000 1919.651733 33 288
2077.989258 609.473816 2261.809326 738.050476 36 288
717.600281 1478.913940 2266.026123 2160.000000 63 288
649.519592 1475.646851 2166.622314 2160.000000 73 288
