2232.114014 141.261856 2351.203369 438.833191 0 172
2348.074219 163.045792 2818.434570 355.386414 2 172
1955.968018 122.775070 2401.069092 291.823517 2 172
2646.172119 125.478508 2921.516602 293.013367 2 172
2516.545654 97.199127 2623.793701 167.592880 2 172
1581.537354 55.129219 1737.669067 168.455994 2 172
680.688110 237.145142 1331.459595 568.811646 7 172
2436.268555 593.404419 3840.000000 1926.771118 25 172
803.580200 1465.302124 2389.680420 2160.000000 41 172
720.778076 1472.852051 2279.100830 2160.000000 67 172
