1145.290283 538.190796 1639.183838 1488.554932 0 397
1963.818848 125.091812 2378.620117 294.922577 2 397
2342.700928 162.599823 2814.906494 345.243164 2 397
2579.851318 123.216812 2924.772217 281.653168 2 397
2512.837402 98.329407 2619.257812 168.075363 2 397
705.199280 198.927490 1359.692383 507.672363 2 397
676.695618 235.174362 1360.858154 558.857422 7 397
1598.722412 44.177910 1942.003418 167.864670 7 397
2433.179443 585.296814 3840.000000 1928.812988 25 397
732.596436 1457.568848 2278.730957 2160.000000 28 397
