2095.770752 207.354340 2241.577148 659.282410 0 275
2332.566162 166.008667 2817.202881 355.813965 2 275
1971.026367 129.214203 2397.696045 289.216339 2 275
2642.270020 126.749489 2925.583496 294.882172 2 275
1577.272461 59.576565 1735.589600 163.280396 2 275
3058.167725 144.974091 3258.527100 294.311005 2 275
2511.597412 96.562782 2616.265625 163.932938 2 275
667.326355 242.330811 1330.119385 576.216309 7 275
2461.029053 582.682312 3840.000000 1921.692749 33 275
2109.542725 593.529724 2251.239746 682.850159 36 275
796.073425 1466.221558 2403.219238 2160.000000 63 275
726.727783 1487.024170 2273.087891 2160.000000 67 275
