2066.452148 214.457123 2276.914062 667.255188 0 282
2370.466797 174.980835 2806.685303 343.668793 2 282
1981.246338 129.120941 2400.954834 284.456177 2 282
2647.908447 128.110077 2921.947754 289.941193 2 282
1579.795288 59.112392 1735.218872 165.589355 2 282
2509.403564 95.433533 2621.553711 166.369965 2 282
3042.873535 147.613327 3232.860596 288.132355 2 282
684.700928 230.414871 1329.172363 586.318542 7 282
2089.418701 609.587952 2274.488037 700.490173 36 282
726.171021 1496.782349 2298.184082 2154.210205 67 282
