1971.622314 117.588440 2385.835693 306.814362 2 39
2332.087402 169.626373 2835.595947 344.204620 2 39
2645.371094 125.886604 2916.876221 288.680420 2 39
1580.143188 53.097034 1737.613525 162.307083 2 39
3062.596680 155.079559 3238.343262 286.614532 2 39
2521.019531 95.635696 2626.338135 165.506500 2 39
703.169739 240.239975 1319.512329 562.503052 7 39
2451.210205 591.105164 3840.000000 1935.118408 33 39
704.125977 1492.105103 2275.944092 2155.659180 54 39
643.952454 1428.526733 2347.455078 2142.472412 73 39
