1978.706299 215.041336 2185.026367 790.052917 0 311
2343.994873 162.749847 2818.449463 344.821442 2 311
2003.364136 124.124329 2388.174805 282.051880 2 311
682.372803 234.542191 1345.430908 565.407104 2 311
2649.535156 126.738274 2923.687500 291.182098 2 311
1583.190918 56.587711 1735.365479 163.603348 2 311
3053.633789 146.267960 3245.828613 291.520264 2 311
1608.894531 43.112980 1936.150513 160.750687 7 311
2435.939453 604.003357 3840.000000 1922.553955 25 311
722.203674 1471.377319 2257.915039 2160.000000 67 311
781.159302 1444.767822 2414.300049 2160.000000 68 311
