2326.924316 161.695160 2824.282715 347.177094 2 12
1976.209839 117.752716 2318.994629 302.698395 2 12
2630.766113 124.886391 2934.656250 295.183838 2 12
1580.009155 55.467964 1735.679199 164.379257 2 12
3066.648926 148.535370 3247.396484 290.299988 2 12
2357.736816 66.623894 2526.769287 144.284821 2 12
2513.449707 93.929207 2628.713135 165.757812 2 12
691.082642 226.575500 1320.203857 573.764038 7 12
698.041016 1488.632446 2280.154541 2156.865723 63 12
654.459534 1486.571411 2168.843018 2159.630371 67 12
