2144.137451 175.081543 2267.049805 564.193909 0 246
2338.950928 162.870590 2811.715576 345.940582 2 246
2646.801025 128.910934 2920.427490 290.169861 2 246
1987.401001 123.124573 2298.362061 300.137207 2 246
3056.582764 143.434296 3236.272949 293.454407 2 246
1581.580688 57.396122 1736.072510 165.435547 2 246
2131.258057 127.990601 2377.414551 279.601227 2 246
2515.241699 88.232628 2670.025635 168.137161 2 246
2358.973389 69.064751 2482.152100 141.351578 2 246
689.757202 242.341675 1344.328979 554.889221 7 246
2411.130859 614.164795 3840.000000 1885.557129 25 246
2159.439941 513.265442 2273.391602 583.165283 36 246
734.437073 1463.636719 2272.664795 2160.000000 67 246
