2259.942871 133.035965 2361.902832 400.162323 0 139
1971.085205 124.240028 2391.293457 296.238770 2 139
2367.103760 176.843018 2810.792236 338.495850 2 139
2637.420410 125.506203 2925.114258 284.799713 2 139
3047.698730 144.897766 3241.133789 287.695312 2 139
1583.021118 56.398140 1737.812988 166.896164 2 139
2513.214355 95.916649 2623.343750 168.781006 2 139
675.737305 223.871948 1345.001465 587.959534 7 139
725.234497 1468.568970 2247.317627 2160.000000 41 139
664.205811 1481.473267 2166.584473 2160.000000 67 139
