1975.353149 227.685455 2184.305664 759.815796 0 311
1992.221680 124.769432 2391.218994 283.367828 2 311
2343.670654 166.372131 2808.783691 344.206207 2 311
2647.753174 125.318520 2917.365967 290.698456 2 311
1581.346069 58.665958 1736.805664 165.532715 2 311
3052.928467 149.280380 3245.441895 287.883911 2 311
2514.077393 85.363708 2665.517822 167.537827 2 311
681.619568 234.319366 1331.148926 582.901611 7 311
804.760742 1456.060791 2390.862549 2160.000000 63 311
737.007690 1468.039062 2255.594971 2160.000000 67 311
