2209.618896 185.660812 2332.626953 460.305725 0 184
1957.420654 127.515785 2387.114746 293.068298 2 184
2342.852051 163.358337 2812.375977 342.776978 2 184
2634.418457 123.408615 2919.315430 291.275574 2 184
3054.278076 144.500427 3247.646973 294.729065 2 184
1579.491943 59.421040 1736.243042 166.384491 2 184
2512.600830 96.499893 2620.575439 166.697037 2 184
2365.228027 67.126694 2519.828857 146.623520 2 184
675.242493 239.617645 1335.099609 568.592468 7 184
733.593262 1476.522339 2232.027832 2160.000000 67 184
