2243.619873 187.454330 2363.186768 431.497528 0 164
1961.620728 125.374367 2388.017822 294.501770 2 164
2379.170166 177.265427 2798.857178 339.683411 2 164
2635.378662 126.000359 2923.592285 286.663971 2 164
3053.195068 139.125137 3263.847656 291.496338 2 164
1585.054810 56.112896 1735.884277 165.344910 2 164
2511.137451 95.463005 2633.202881 168.334000 2 164
671.764771 232.986816 1346.207153 576.649658 7 164
648.554260 1474.777588 2162.055664 2160.000000 67 164
716.074707 1476.516235 2273.569092 2160.000000 68 164
