2235.178467 141.002304 2366.017334 441.215149 0 168
2381.681152 175.003159 2802.524170 340.584503 2 168
1968.879028 119.372002 2390.671143 300.906342 2 168
2628.647461 124.779732 2930.316162 295.791290 2 168
3066.875000 150.321335 3254.546631 292.736633 2 168
1578.979492 55.344997 1736.769043 164.808762 2 168
2361.816895 68.864876 2522.907959 146.040222 2 168
2515.643066 94.666321 2623.469727 163.550827 2 168
687.364685 231.575882 1328.964355 576.341492 7 168
711.320984 1474.795044 2255.790771 2160.000000 63 168
670.622192 1480.891479 2165.709473 2159.663086 67 168
