2325.885254 162.292664 2826.700195 346.752197 2 15
1969.242676 118.154633 2374.426270 308.346283 2 15
2631.918457 126.679565 2934.816650 293.241211 2 15
1577.826660 54.311939 1736.114624 165.242493 2 15
2364.302246 66.151825 2527.095947 143.814240 2 15
3065.559082 145.451996 3247.914795 290.296204 2 15
2511.872559 93.864838 2630.371582 164.293884 2 15
687.426331 228.495697 1321.940430 576.135376 7 15
705.252319 1492.613403 2272.500732 2153.701172 67 15
628.935608 1397.480957 2352.832520 2157.864990 73 15
