2080.907959 202.060883 2255.859375 622.123352 0 276
2335.400391 163.792526 2816.778809 350.809357 2 276
1972.564453 126.821815 2394.728271 288.374390 2 276
2634.791992 126.344711 2918.814209 293.390442 2 276
3050.972168 145.005341 3241.459717 294.066437 2 276
1582.267944 54.033619 1734.310913 165.788834 2 276
2345.765381 69.635239 2488.966797 144.095413 2 276
2516.691406 85.208984 2657.585449 168.442368 2 276
1413.002686 96.041847 1610.016357 181.087631 2 276
656.031738 242.620224 1359.007935 571.866272 7 276
2102.294434 595.754089 2259.984375 682.365723 36 276
726.433838 1470.498413 2275.018066 2160.000000 41 276
666.782043 1469.073608 2162.157715 2160.000000 67 276
662.308411 1396.241333 2330.889893 2160.000000 68 276
