1885.267090 285.297546 2112.629639 815.299927 0 328
1974.870483 126.312096 2392.682861 289.534149 2 328
2343.763184 166.319382 2819.544434 343.854309 2 328
2639.979004 126.430771 2917.012207 289.065735 2 328
3054.172852 141.102448 3241.609619 289.946136 2 328
1579.615967 63.280102 1742.929565 164.813110 2 328
771.891418 218.385986 934.165405 310.252502 2 328
686.509155 231.831543 1335.799927 559.892456 7 328
721.519348 1485.114868 2273.364746 2160.000000 67 328
797.037903 1466.487915 2392.203369 2160.000000 68 328
