1606.505127 390.188477 1888.864136 1094.163818 0 365
1965.104980 125.776855 2380.829834 295.529358 2 365
2334.675293 167.264084 2815.249756 344.139618 2 365
2640.885742 125.079910 2917.690186 295.664612 2 365
3056.670410 144.094849 3247.386719 290.969238 2 365
1580.271606 59.042011 1740.277710 166.313431 2 365
2507.164795 84.029785 2736.448486 165.808289 2 365
682.512878 219.361023 1356.490479 568.706787 7 365
2409.501221 560.454712 3840.000000 1950.168335 25 365
678.026062 1450.894897 2322.798584 2160.000000 63 365
