1966.649902 226.654572 2186.483154 799.917969 0 312
2341.299805 165.478806 2810.368408 350.075439 2 312
1976.620483 126.474487 2386.320312 283.345276 2 312
1582.787109 57.563892 1738.759644 163.353302 2 312
2652.875000 129.952240 2917.848145 289.438934 2 312
1434.070312 94.064766 1603.517944 177.464554 2 312
2510.542969 93.633263 2631.577393 168.889145 2 312
3055.354492 142.241470 3256.376221 289.226410 2 312
681.247314 234.953827 1341.414307 563.490112 7 312
639.654907 1470.038818 2170.543457 2160.000000 62 312
736.958740 1474.412109 2251.171875 2160.000000 68 312
