2001.907959 242.071365 2178.350830 701.750305 0 304
1971.877563 125.369560 2379.946045 284.660797 2 304
2380.874268 172.823624 2795.416260 341.652802 2 304
2636.321289 126.396439 2922.485352 290.452301 2 304
3049.958252 141.694565 3247.959961 290.187836 2 304
1583.069336 57.706543 1734.240845 163.529648 2 304
2513.239502 98.835464 2623.811279 168.020081 2 304
671.383057 231.515106 1344.364746 577.751282 7 304
2027.444092 667.931152 2192.614502 826.494812 36 304
723.007568 1476.358032 2262.811279 2160.000000 41 304
617.859680 1476.145386 2193.735352 2160.000000 67 304
