1061.004395 582.476990 1490.571777 1536.759888 0 402
1950.824585 126.833488 2390.428711 296.817139 2 402
2334.566162 168.523163 2825.223389 351.581696 2 402
2639.926514 126.983864 2921.487061 293.713287 2 402
3053.614502 142.636292 3231.048828 290.822388 2 402
1582.928101 55.775295 1735.879517 165.940689 2 402
1589.790771 47.035442 1934.350830 165.571732 2 402
2526.224609 70.171852 2718.128662 153.673080 2 402
681.688721 225.558456 1336.640259 562.845337 7 402
2420.500000 560.598877 3840.000000 1941.872803 25 402
730.387756 1491.170288 2269.002441 2160.000000 41 402
