1554.672485 344.445740 1825.765381 1134.474731 0 369
1954.665894 126.510651 2393.036377 292.745239 2 369
2338.845703 167.132599 2821.155029 342.395660 2 369
3055.537598 139.873123 3247.966309 289.772186 2 369
2644.094482 129.591064 2917.208740 288.113464 2 369
1581.175781 59.969440 1738.333374 166.006042 2 369
773.803528 217.019226 933.660400 312.775604 2 369
1593.775391 41.149746 1941.412720 170.078537 2 369
683.299805 237.430786 1346.134277 563.507507 7 369
710.172913 1485.232422 2277.402832 2160.000000 67 369
