2251.765381 150.909561 2352.449219 350.960297 0 84
2338.912109 166.792816 2824.968994 344.845947 2 84
1961.483154 125.726501 2410.376221 288.919006 2 84
3058.412842 145.668518 3251.334473 288.910767 2 84
2643.044678 128.455460 2919.783447 289.188873 2 84
1580.826050 59.832169 1733.996826 166.678375 2 84
774.554626 216.892426 939.365112 311.998993 2 84
1429.429199 94.744888 1604.515137 175.494339 2 84
666.281006 241.463348 1342.851440 573.583008 7 84
1596.369873 43.694740 1942.118164 169.711411 7 84
716.927795 1475.900513 2295.627930 2160.000000 67 84
647.646362 1414.053467 2349.506104 2148.541992 73 84
