2206.757080 172.235168 2328.774414 446.989716 0 189
1955.143311 127.251427 2392.516846 294.471344 2 189
2340.755371 159.989426 2818.720215 349.167358 2 189
3050.221436 146.497070 3247.058838 289.762207 2 189
2654.735107 129.746353 2923.992920 290.314728 2 189
2514.425049 80.302788 2660.845215 169.121811 2 189
1581.197021 57.809082 1737.328979 166.374878 2 189
2361.712646 66.490799 2479.005127 139.248047 2 189
665.598389 228.325867 1364.855713 580.443420 7 189
1601.805786 46.480061 1940.879395 169.618713 7 189
639.394958 1459.895752 2159.406738 2160.000000 67 189
726.892334 1466.603760 2278.760498 2160.000000 68 189
