1374.934448 401.419128 1697.143555 1316.982178 0 386
1962.560425 118.323204 2383.998291 300.165924 2 386
2331.382324 163.993713 2815.486572 348.591949 2 386
2629.361328 126.845963 2930.846436 295.527740 2 386
1579.937256 53.840328 1735.057129 164.005386 2 386
3066.847412 145.104218 3253.320557 290.751099 2 386
2360.931641 68.568192 2521.382812 145.734787 2 386
2514.850098 94.470970 2627.582520 163.576340 2 386
685.807556 229.085754 1329.232544 563.497192 7 386
698.946228 1498.039307 2273.415283 2158.631592 63 386
657.190186 1496.910522 2169.071533 2160.000000 67 386
