2169.446289 173.654922 2289.348877 516.557434 0 235
2378.820068 175.162689 2799.473633 341.570312 2 235
1950.323730 133.676483 2406.226562 295.739227 2 235
2650.132080 129.296036 2919.019287 289.975647 2 235
1581.093140 56.138988 1740.856323 166.803574 2 235
3052.542480 141.031830 3236.881104 289.919922 2 235
2516.692871 94.631935 2629.857666 167.716019 2 235
686.697083 236.640579 1344.521973 567.486755 7 235
730.882996 1456.314819 2467.808838 2160.000000 41 235
680.715515 1469.582397 2298.291748 2160.000000 67 235
623.191040 1410.503906 2360.038574 2154.914551 68 235
