2216.683350 170.769302 2332.456299 448.275696 0 181
1956.168945 129.679184 2396.520752 289.960083 2 181
2353.304199 165.074600 2823.954346 346.669678 2 181
3056.500732 141.622574 3245.104248 290.760132 2 181
2640.589355 128.785049 2920.008301 288.982880 2 181
1584.624878 61.288658 1745.273560 166.464828 2 181
2850.807861 111.117317 3073.304688 229.157166 2 181
772.927063 218.096344 938.757996 311.896912 2 181
667.889160 232.543015 1357.226929 560.229004 7 181
2247.764648 424.630493 2331.869141 455.740570 36 181
699.098450 1480.171021 2277.834229 2160.000000 67 181
