2202.537598 164.936249 2320.743164 483.274689 0 211
2374.756836 179.620956 2804.302734 341.164825 2 211
1965.359741 133.205673 2392.275635 289.267151 2 211
2636.321533 126.772377 2921.143066 289.386505 2 211
3052.739746 142.052185 3266.541504 287.107178 2 211
1580.516235 62.624813 1737.096558 165.326141 2 211
2514.061035 85.771576 2669.421875 169.056351 2 211
662.478638 229.097198 1338.284912 575.196960 7 211
2214.682617 463.031372 2326.721680 503.940552 36 211
627.753845 1464.252197 2175.346924 2160.000000 67 211
702.127869 1460.863892 2302.458252 2160.000000 68 211
