1098.401367 580.570679 1510.652710 1509.080811 0 401
1966.405273 117.479836 2382.553223 298.984772 2 401
2329.617676 163.095230 2818.109863 346.293152 2 401
2632.258545 124.577057 2926.568115 297.498657 2 401
1578.188232 55.591160 1734.699707 163.941071 2 401
3064.899414 143.178970 3254.744629 289.584839 2 401
2513.628174 94.318825 2626.978760 164.248795 2 401
2363.873047 67.697235 2521.131592 147.447388 2 401
679.020386 231.631836 1330.592285 572.271851 7 401
708.867920 1503.284790 2277.072266 2145.359131 63 401
