2128.539062 198.334106 2264.107666 604.429260 0 256
2383.621094 173.024582 2797.733398 342.144226 2 256
1972.597412 123.083832 2382.426758 297.011597 2 256
1580.666504 54.828926 1736.911743 166.927170 2 256
2635.790039 126.329605 2926.717529 292.778198 2 256
3064.744385 156.578964 3262.266602 293.426483 2 256
1423.047119 89.080002 1593.620850 174.579269 2 256
2512.846436 95.462547 2631.987549 164.958557 2 256
690.513855 235.678360 1324.378174 558.926758 7 256
734.342407 1467.286255 2223.786621 2160.000000 67 256
