2255.508545 128.752548 2354.542480 365.440613 0 96
2375.419434 171.862778 2802.216553 341.380219 2 96
1958.398926 121.686852 2421.396240 300.082153 2 96
2644.780518 126.010315 2919.133301 292.941162 2 96
3054.997070 136.782181 3242.953613 291.783234 2 96
1596.153809 44.468075 1938.503418 168.208344 2 96
698.090149 234.843628 1342.724365 563.880005 7 96
2406.296143 547.019775 3840.000000 1959.783691 25 96
681.713318 1472.236572 2326.700928 2160.000000 67 96
611.915100 1407.569946 2383.037109 2158.847412 68 96
