1628.910034 370.323242 1900.756226 1106.291870 0 363
1968.715332 120.353500 2376.020996 296.192413 2 363
2329.755371 167.543777 2819.753906 340.388702 2 363
2632.596680 125.991547 2928.825195 294.430267 2 363
3060.939941 157.445862 3259.496094 291.840912 2 363
1579.932861 56.292339 1738.469238 167.974304 2 363
2509.547607 85.450851 2668.719727 166.239273 2 363
689.021729 235.106613 1324.906982 569.262878 7 363
1589.734497 45.645901 1943.247437 163.070282 7 363
735.700623 1473.335693 2225.282715 2160.000000 67 363
