1975.769531 223.117554 2188.300049 784.293457 0 310
1987.848999 123.613007 2390.724365 283.058258 2 310
2332.372559 168.751587 2822.304199 343.581604 2 310
3060.231689 149.302246 3255.129150 291.509033 2 310
2635.725830 126.892197 2924.977295 292.625061 2 310
1582.176636 54.813190 1736.518066 166.830246 2 310
2510.339844 88.458992 2663.402832 165.347092 2 310
687.456238 233.827499 1328.123901 571.113037 7 310
1595.772461 45.044056 1940.706787 161.655563 7 310
719.921021 1478.082153 2251.564453 2160.000000 67 310
