2245.853760 144.632141 2346.330078 363.635193 0 101
1971.846436 121.610863 2390.411865 299.012360 2 101
2383.091309 175.329193 2793.603027 340.901611 2 101
2632.161377 127.287933 2926.527588 287.257568 2 101
3055.741211 149.584335 3250.965576 285.292053 2 101
1585.035278 58.690392 1733.532837 168.312485 2 101
2509.044434 80.268623 2734.086426 168.759140 2 101
774.211731 213.451752 942.571350 313.432373 2 101
2360.730957 66.156006 2516.179688 147.953781 2 101
2861.683838 102.266113 3078.357910 230.120193 2 101
678.845642 232.460510 1336.837158 563.111633 7 101
757.328003 1465.310547 2214.397217 2160.000000 67 101
