2160.314209 170.495667 2290.866943 522.798584 0 236
2385.849365 174.175400 2794.465332 344.940704 2 236
1965.744873 129.071045 2402.207031 292.270874 2 236
2636.149414 126.650726 2922.860596 288.973022 2 236
1580.612183 61.095940 1737.787476 167.219116 2 236
3055.810059 145.965149 3253.757568 288.013336 2 236
772.277283 214.064240 932.242859 313.207611 2 236
2899.518555 121.612122 3071.612305 231.097519 2 236
677.640869 224.648087 1334.777954 582.640747 7 236
2163.380371 486.740997 2317.681152 554.323608 36 236
773.580017 1447.618774 2426.888184 2160.000000 41 236
725.676147 1458.786377 2275.853516 2160.000000 67 236
