2181.666260 181.822464 2308.879639 511.086365 0 222
1969.855347 125.378258 2385.614990 303.822296 2 222
2384.214355 174.184448 2794.226318 343.276398 2 222
2632.117188 124.497063 2929.251465 296.693329 2 222
1579.529419 55.548187 1735.088013 164.298462 2 222
2513.315430 94.212280 2629.667480 162.872879 2 222
3064.132324 152.024109 3243.778320 288.981049 2 222
2363.758301 67.523514 2523.269775 147.741043 2 222
686.731812 229.406418 1328.950562 572.270691 7 222
721.497803 1475.778442 2257.584717 2160.000000 67 222
