1956.481201 253.068909 2174.743652 777.753479 0 315
1975.167969 128.008224 2383.267822 287.394653 2 315
2370.692627 172.317795 2803.477051 339.223236 2 315
2639.918945 125.105774 2919.025146 292.331177 2 315
1581.599731 59.676929 1736.526123 168.090576 2 315
3050.591064 150.197510 3254.098389 286.702637 2 315
2513.587891 94.872658 2624.967773 170.489258 2 315
1422.763062 92.885506 1613.380615 175.431274 2 315
671.771484 230.356857 1339.273926 582.351685 7 315
1944.364380 764.799133 2189.448242 875.940002 36 315
721.112366 1475.070312 2232.478027 2160.000000 67 315
