2209.207520 181.143250 2329.560791 440.792755 0 190
1949.979492 126.556084 2393.842285 296.996826 2 190
2339.580078 161.610596 2807.018066 349.015839 2 190
2647.403809 129.039230 2921.851807 290.935822 2 190
3050.567871 143.853256 3250.581787 291.424591 2 190
1581.369873 58.907028 1735.383667 166.372025 2 190
2511.928467 89.297668 2667.646484 168.017227 2 190
658.863342 238.337158 1355.080933 567.397339 7 190
678.886902 1467.619263 2158.916016 2160.000000 67 190
677.208252 1467.156494 2299.113525 2160.000000 68 190
