1658.030640 315.247864 1906.829346 1101.301514 0 360
1964.984985 118.658005 2379.500488 300.092102 2 360
2329.756592 162.905609 2816.202637 337.646820 2 360
2633.203125 125.712769 2932.484619 294.181702 2 360
1581.280396 54.819427 1735.799683 165.013489 2 360
3066.242676 144.174271 3251.787354 288.501648 2 360
2513.526367 89.625885 2661.795166 164.546005 2 360
2364.843994 68.145905 2523.163818 146.442474 2 360
1605.844482 42.349258 1935.722656 160.510132 2 360
684.976379 229.786591 1334.916504 577.326721 7 360
716.772644 1479.147827 2254.574707 2160.000000 63 360
