2250.751465 114.976608 2346.569336 344.975372 0 65
2345.851807 164.919876 2822.028076 358.707031 2 65
1976.974731 124.618484 2410.480957 294.937225 2 65
2647.125244 126.471169 2917.231934 292.061218 2 65
1580.554932 61.813084 1733.276001 165.500092 2 65
3054.246094 145.106384 3260.274414 286.533844 2 65
2516.495117 85.451370 2664.965820 167.005676 2 65
685.123413 233.722565 1338.755859 571.057495 7 65
634.240479 1456.021606 2171.894043 2160.000000 67 65
728.580139 1457.213257 2283.268066 2160.000000 68 65
