2107.583496 202.626785 2253.212158 598.437866 0 269
2337.695068 168.043198 2810.903076 335.625885 2 269
1961.809570 133.342438 2389.332031 294.531769 2 269
2631.472656 125.521538 2919.032959 291.781982 2 269
1577.477417 60.319630 1737.278564 165.282425 2 269
3055.858887 143.009827 3244.750488 294.194519 2 269
2515.407959 93.299095 2624.528320 166.744293 2 269
678.859924 239.849731 1334.348877 566.456970 7 269
687.496826 1478.436768 2149.740479 2160.000000 67 269
761.760010 1465.646118 2216.797363 2160.000000 73 269
