1489.563843 371.409729 1845.990479 1219.227661 0 374
1964.380127 120.191681 2381.616455 295.638062 2 374
2332.743896 167.603745 2827.020508 336.495422 2 374
2637.274658 126.752808 2926.285400 290.874115 2 374
1579.419922 54.207855 1735.918091 164.308075 2 374
3059.958008 153.305496 3243.540039 290.448761 2 374
2341.105469 63.298069 2492.909912 143.924332 2 374
2512.533691 86.033699 2661.511963 164.796509 2 374
685.780701 234.591965 1322.951416 565.901611 7 374
716.206970 1480.653931 2243.740234 2160.000000 67 374
