2248.842529 154.139084 2359.468750 346.555237 0 82
2337.159424 166.716263 2823.856445 346.019073 2 82
1970.312988 122.698166 2386.931885 297.465240 2 82
2642.132324 125.640671 2920.590332 290.374481 2 82
1583.279053 59.714752 1739.017578 164.386353 2 82
3053.928223 147.319321 3259.660889 291.002411 2 82
2512.231201 81.056206 2727.360840 168.182587 2 82
2361.104980 68.027168 2520.811523 148.494629 2 82
692.894836 227.993301 1331.799927 567.946655 7 82
726.095520 1470.180786 2246.816406 2160.000000 41 82
671.316223 1478.619141 2168.867188 2160.000000 67 82
