2324.417969 166.510040 2823.319580 355.860535 2 12
1974.358887 116.616776 2386.559570 298.677612 2 12
2634.540283 124.980003 2920.641357 291.344818 2 12
1572.806030 61.408421 1736.327271 163.843567 2 12
3058.458008 134.675903 3260.963623 292.042694 2 12
2514.222412 95.916878 2621.667236 167.427856 2 12
1424.822266 90.959412 1592.514160 176.950027 2 12
685.855713 234.101822 1323.747070 576.845276 7 12
2452.814453 580.687866 3840.000000 1921.349365 25 12
695.435486 1464.684326 2284.879883 2160.000000 62 12
