2249.939697 145.487366 2360.106934 394.170197 0 141
1973.391602 121.289627 2383.638428 293.028809 2 141
2370.476807 178.574738 2804.768799 338.196228 2 141
2628.900879 125.503342 2925.964355 288.833191 2 141
3054.641602 149.109863 3251.697998 286.050781 2 141
1579.698853 58.184391 1733.307129 168.725616 2 141
774.850708 213.894638 939.539490 312.737244 2 141
2510.153809 76.558167 2735.394531 170.057022 2 141
2360.586426 68.202377 2525.286133 149.357407 2 141
682.777100 227.774033 1347.649292 566.333984 7 141
733.688721 1471.653564 2229.176514 2160.000000 67 141
