1998.100098 204.646210 2175.094971 813.675354 0 307
2333.655518 161.101898 2815.205078 340.791992 2 307
1965.078369 122.168190 2394.717041 284.635620 2 307
2630.489990 125.130951 2932.317383 295.360443 2 307
1580.845703 56.676060 1734.719727 165.700256 2 307
3068.051270 145.133514 3249.391602 291.599121 2 307
2513.720459 95.405098 2626.410400 163.850998 2 307
684.170105 234.684784 1326.773193 581.781799 7 307
678.104797 1471.785889 2275.119141 2160.000000 63 307
666.220459 1480.315186 2171.569580 2160.000000 67 307
607.399292 1389.252075 2367.615723 2160.000000 73 307
