1970.840088 116.954552 2366.769531 308.929565 2 6
2329.380127 160.615524 2825.245361 347.337769 2 6
2631.464600 127.862770 2936.197510 292.938965 2 6
1583.843018 54.586884 1733.785278 165.079865 2 6
2511.866699 92.965271 2631.748779 165.017502 2 6
2356.406738 66.794014 2525.030029 145.547791 2 6
3062.977051 136.192352 3251.021973 287.847626 2 6
692.477356 229.520981 1324.201050 573.240112 7 6
700.581787 1469.055298 2276.812012 2160.000000 63 6
670.040894 1481.288086 2149.110107 2160.000000 67 6
