2245.362549 141.303741 2351.646973 358.743317 0 92
2335.316162 166.125626 2829.947510 350.207031 2 92
1974.388672 125.455849 2388.738037 295.962280 2 92
2631.868896 123.245422 2923.972900 290.787842 2 92
1583.312500 59.797207 1737.276245 168.417084 2 92
3054.610840 147.289108 3261.441650 290.260620 2 92
2513.394287 95.840317 2622.713867 167.058777 2 92
680.471191 221.203522 1332.498535 588.515381 7 92
720.978821 1477.711182 2270.559082 2160.000000 63 92
635.241638 1481.330444 2183.532715 2160.000000 67 92
