2250.277100 148.360504 2356.579834 375.640381 0 105
1969.242676 125.671227 2401.039307 298.341278 2 105
2379.191650 177.191605 2798.893799 344.528473 2 105
2636.718506 126.572792 2920.335205 291.546692 2 105
1582.219971 58.392159 1729.930054 168.611862 2 105
3054.541992 139.011948 3230.096924 284.736877 2 105
715.010437 199.776520 1344.114380 507.989716 2 105
770.522888 213.477509 931.343384 313.955017 2 105
679.216797 225.676682 1352.086670 560.657593 7 105
756.589905 1458.170898 2444.148438 2160.000000 63 105
715.233276 1471.632935 2272.749023 2160.000000 67 105
