2023.393555 217.343201 2206.662842 728.302185 0 298
2384.419678 174.999374 2793.779297 343.202332 2 298
1964.077759 124.191048 2393.935547 285.975494 2 298
2629.739502 126.783821 2932.270020 294.580750 2 298
1578.485229 55.367027 1734.277710 164.958908 2 298
3064.516357 149.294571 3249.983398 291.139526 2 298
2515.607666 94.458443 2626.345703 163.646835 2 298
2359.447510 66.655884 2523.354736 148.096832 2 298
686.327393 233.428329 1329.162354 577.800720 7 298
708.151611 1459.463135 2248.331543 2160.000000 63 298
665.307190 1471.252808 2154.479248 2160.000000 67 298
