2078.050781 199.661285 2272.746338 672.629333 0 276
2342.150635 165.440811 2812.713379 349.999908 2 276
1963.024414 126.292641 2393.932373 289.270020 2 276
2635.430908 127.342636 2924.039062 287.308594 2 276
3048.293457 144.896851 3249.943359 290.007690 2 276
1583.868042 55.978485 1736.834595 167.296021 2 276
2512.694336 95.634895 2623.987305 167.714188 2 276
677.932190 231.639511 1342.827271 573.338318 7 276
2136.106689 601.346680 2264.981689 684.094604 36 276
730.812988 1468.065674 2267.348389 2160.000000 68 276
