2165.077393 175.743011 2285.531006 527.763062 0 237
2372.925537 176.731323 2800.868652 342.585052 2 237
1956.935059 131.123428 2403.726074 293.540924 2 237
2647.103760 131.478653 2917.871826 291.567078 2 237
3055.063721 142.168350 3247.514404 293.588776 2 237
1580.698364 55.397583 1737.577026 169.028763 2 237
2509.164062 83.058464 2736.998047 166.444916 2 237
675.861084 227.811462 1349.842285 567.853149 7 237
1586.291748 44.838406 1940.057983 165.147736 7 237
685.599243 1471.880615 2311.453613 2160.000000 67 237
758.588989 1470.544922 2446.065186 2160.000000 68 237
