2023.060181 219.444229 2206.826660 721.994995 0 298
1967.923828 123.923599 2394.696045 287.452332 2 298
2341.109375 163.388092 2812.592773 355.234100 2 298
2644.484375 126.764023 2917.773438 293.620026 2 298
3054.738770 141.428833 3258.555176 290.147766 2 298
2350.993652 66.862221 2485.421143 144.672882 2 298
1581.142456 56.066032 1736.322510 165.761703 2 298
2516.450928 88.511688 2631.353271 169.061844 2 298
681.218140 233.408646 1340.174316 571.866760 7 298
725.899170 1462.458740 2283.928711 2160.000000 41 298
648.100586 1459.852905 2150.067139 2160.000000 67 298
