2137.210693 175.044693 2253.120361 560.074951 0 251
2335.467773 162.623169 2814.518799 348.076263 2 251
1976.711548 126.402504 2387.461914 285.034546 2 251
2641.758789 129.435760 2921.692627 291.281525 2 251
1581.946655 56.893040 1735.804443 166.590027 2 251
3053.885254 141.566956 3224.994629 293.384735 2 251
2516.159424 88.393356 2670.214844 168.391220 2 251
663.837769 215.628876 1345.454712 584.415405 7 251
2160.903564 527.131348 2272.163330 592.323486 36 251
665.200867 1477.671753 2315.857910 2160.000000 67 251
391.603882 1474.450317 2133.090820 2160.000000 73 251
