2330.950928 158.741333 2825.279541 345.828430 2 61
1969.516846 120.671761 2388.304688 308.429688 2 61
2631.056152 125.425179 2931.945068 294.928406 2 61
3063.825439 147.525436 3248.763672 292.039825 2 61
1578.548462 54.641758 1736.055420 164.862885 2 61
2512.687744 94.675362 2629.028320 163.560089 2 61
1591.923096 39.550549 1941.624878 161.047318 2 61
687.716309 231.377899 1323.854004 580.429321 7 61
718.323608 1483.058105 2249.670654 2151.591797 63 61
671.673401 1483.189453 2165.451904 2153.498291 67 61
