2265.902344 140.541916 2326.629395 320.032166 0 43
1974.150146 122.272331 2394.092529 300.996307 2 43
2340.452148 168.407013 2820.334961 342.082550 2 43
2630.247070 124.035179 2919.117920 291.937408 2 43
3057.408447 148.214706 3248.971191 287.624573 2 43
1579.383179 59.989353 1733.737061 166.108459 2 43
2513.444824 90.899788 2628.360107 167.855515 2 43
773.082336 212.251038 940.492126 314.058807 2 43
675.108459 225.968048 1336.274170 570.569763 7 43
703.979431 1472.301270 2121.514893 2160.000000 67 43
751.239746 1464.278564 2232.719238 2160.000000 73 43
