2102.085938 197.445938 2248.666016 578.348328 0 268
1964.789551 130.924408 2386.173828 294.199768 2 268
2343.488770 165.306915 2814.732178 346.299561 2 268
3054.446777 144.985306 3259.148926 286.533386 2 268
2642.267090 128.067276 2918.326172 291.179901 2 268
1583.219727 60.023056 1738.735352 166.554443 2 268
2507.844971 76.616417 2739.594238 171.100494 2 268
668.536133 235.366852 1345.815918 566.749939 7 268
1587.190186 45.419308 1941.432129 171.665146 7 268
2127.020752 574.948303 2276.957031 652.433960 36 268
703.041992 1482.497559 2273.379639 2160.000000 67 268
638.723022 1390.505615 2344.856201 2160.000000 68 268
