1419.507446 401.884888 1811.240723 1218.930542 0 380
1963.064453 122.796585 2378.516113 296.318085 2 380
2338.888184 168.434250 2818.116943 341.075470 2 380
2635.912598 123.462288 2927.556885 294.670685 2 380
1580.120728 54.829556 1735.828491 168.802399 2 380
3058.187988 148.548416 3265.818115 292.170868 2 380
2512.310547 90.762688 2662.253906 164.740326 2 380
2359.499512 66.755791 2519.631104 143.710785 2 380
699.893188 236.158783 1328.563599 562.424988 7 380
712.960571 1486.368652 2119.866455 2160.000000 67 380
