2247.543457 149.587204 2366.910400 407.747833 0 147
2329.916748 165.986237 2819.697266 355.523956 2 147
1961.608765 122.311470 2397.873535 294.084747 2 147
2636.692383 124.731895 2918.179932 294.020660 2 147
3057.645996 141.017532 3240.876953 290.583344 2 147
2361.987549 62.579323 2481.369629 144.031677 2 147
1579.468018 57.644344 1735.910645 164.650253 2 147
1601.781372 44.302021 1935.858154 167.241425 2 147
770.048767 211.017136 936.970215 316.439423 2 147
2510.899414 80.678780 2738.957520 168.464340 2 147
716.262512 210.839188 1346.760986 493.085022 2 147
687.988403 235.891678 1336.332520 563.746582 7 147
2411.188477 585.550659 3840.000000 1911.312500 33 147
686.376526 1483.457886 2297.001953 2160.000000 67 147
608.384033 1380.012329 2383.036621 2160.000000 68 147
