2133.138672 196.895706 2285.470215 579.510132 0 245
2332.531006 158.603653 2811.382568 344.248779 2 245
2628.299316 125.709221 2924.066162 295.175842 2 245
1973.552734 124.517204 2381.954834 291.094666 2 245
1581.752808 55.999599 1732.531982 163.801910 2 245
2511.363525 94.489914 2630.414062 164.248230 2 245
688.178223 232.279572 1315.565063 581.371948 7 245
707.894226 1476.084717 2247.297363 2160.000000 63 245
678.436462 1481.378540 2153.793945 2160.000000 67 245
637.433472 1398.208618 2340.690674 2160.000000 73 245
