1555.499878 336.805206 1862.523804 1151.919922 0 367
1952.451416 122.569763 2387.806641 297.403900 2 367
2333.904785 165.826477 2819.023438 346.191315 2 367
2637.678955 128.419983 2920.863525 292.447449 2 367
3056.212646 135.889771 3243.235840 291.082397 2 367
1578.197632 57.966724 1744.132202 166.829666 2 367
2513.873535 87.301308 2665.081543 168.081085 2 367
711.697754 196.918701 1341.183838 504.810089 2 367
673.107422 229.173645 1340.244995 561.296509 7 367
698.043640 1463.164307 2294.947754 2160.000000 67 367
