1930.562622 252.854675 2172.223389 797.495911 0 319
1976.783691 125.041115 2377.412842 286.354523 2 319
2337.511963 165.746262 2817.568115 347.079956 2 319
1576.409546 58.037964 1735.426636 163.072113 2 319
2639.306396 126.162178 2918.008789 289.018463 2 319
3050.619629 144.777374 3245.663086 286.541962 2 319
2515.085449 86.330673 2660.495605 168.143570 2 319
2370.379395 69.168434 2517.787109 142.338638 2 319
673.112061 237.302277 1347.353760 568.234009 7 319
724.729126 1453.776123 2284.935791 2160.000000 63 319
