2257.508057 96.053062 2381.319336 346.740967 0 70
2330.080566 159.259979 2823.709473 347.943298 2 70
1973.650269 115.369141 2386.831787 307.010071 2 70
2629.714355 124.786713 2931.126465 294.600311 2 70
1580.027100 54.156757 1733.882324 163.822388 2 70
3062.794678 144.978668 3254.724121 288.958160 2 70
688.938782 230.405838 1323.939697 569.163269 7 70
701.633118 1473.578003 2273.932129 2160.000000 63 70
654.381592 1476.631714 2162.105713 2160.000000 67 70
410.234344 1466.660034 2130.156250 2160.000000 73 70
