2228.520508 180.848114 2359.087402 456.558472 0 180
2338.290283 158.491623 2824.913818 348.910553 2 180
1961.747681 118.116356 2394.456055 299.991272 2 180
2628.439697 126.003792 2930.129395 296.037811 2 180
1581.261841 55.651585 1735.200073 165.739166 2 180
3064.823730 152.565979 3255.676758 292.438202 2 180
679.445557 228.269455 1329.099121 569.686523 7 180
718.037415 1471.147949 2249.155273 2160.000000 63 180
671.250183 1469.539673 2165.048340 2160.000000 67 180
659.503174 1398.493530 2321.623047 2160.000000 68 180
