999.116089 707.159912 1421.677246 1536.491211 0 406
1965.223999 129.145996 2379.636475 291.451355 2 406
2341.308838 168.806976 2824.536865 342.889679 2 406
2634.887207 126.504929 2921.411377 290.744812 2 406
3056.793945 145.979462 3259.751221 289.453125 2 406
1580.945068 59.975906 1735.065552 166.245911 2 406
2359.104248 68.460617 2518.172363 150.063614 2 406
676.547302 231.013977 1334.523315 568.942200 7 406
717.411255 1488.047974 2128.523926 2160.000000 9 406
772.137268 1491.856567 2239.197998 2160.000000 67 406
