2146.997314 204.226105 2279.654053 541.006226 0 236
2372.623535 175.429565 2807.618408 344.062592 2 236
1966.748535 117.926727 2398.750977 293.272797 2 236
1579.767090 57.184464 1734.421387 165.547821 2 236
2634.973633 125.976555 2929.558350 296.719635 2 236
2513.660645 94.216629 2627.654541 164.550812 2 236
675.559937 236.052353 1330.000122 572.778687 7 236
722.658875 1475.122559 2244.820801 2160.000000 63 236
663.691956 1475.545898 2164.724365 2160.000000 67 236
656.544556 1396.762085 2326.687744 2160.000000 68 236
