2040.990967 188.074142 2261.125000 683.891907 0 282
2334.825684 163.726151 2813.198975 343.415771 2 282
1973.581787 121.524574 2395.209229 288.489990 2 282
2632.245361 124.706490 2929.884521 296.220215 2 282
1580.456787 54.506260 1734.032593 164.868835 2 282
3065.085938 146.900589 3251.260254 292.596466 2 282
2516.369141 94.356644 2625.765137 162.872650 2 282
680.485596 236.781342 1328.059814 584.976746 7 282
2093.353271 594.990906 2273.536133 708.145264 36 282
709.323181 1459.729492 2238.980957 2160.000000 67 282
645.866150 1396.063110 2322.654297 2160.000000 73 282
