902.010620 948.318604 1369.314209 1598.526733 0 414
1965.648071 117.960831 2380.849365 299.217896 2 414
2329.976318 163.011124 2821.293945 345.382111 2 414
2636.009766 125.535042 2926.312012 298.524597 2 414
1579.802612 55.478436 1733.902588 163.261398 2 414
3067.819580 146.937775 3259.178467 291.013184 2 414
2513.067139 88.518555 2663.062500 165.754501 2 414
2364.915283 67.685219 2521.029053 146.415588 2 414
681.028625 236.161179 1322.606079 577.713318 7 414
754.154114 1505.297363 2237.097412 2145.844238 63 414
