1040.963745 610.687378 1450.467896 1518.211304 0 403
1955.897461 125.186226 2387.132324 291.553101 2 403
2336.208984 164.778885 2824.564941 343.151062 2 403
2643.424805 126.003334 2918.089111 293.009705 2 403
3054.138916 139.483673 3247.365479 291.754181 2 403
1580.024902 56.499649 1736.180176 166.076538 2 403
2515.312500 83.198715 2674.877930 168.102600 2 403
679.221191 224.002289 1354.849487 571.164978 7 403
2406.165527 582.286804 3840.000000 1930.908813 25 403
722.620239 1479.661011 2289.835938 2160.000000 67 403
