2186.548340 170.675797 2298.177246 495.728973 0 224
2376.380371 176.940750 2798.891113 340.190704 2 224
1965.731689 128.143616 2397.012695 293.607300 2 224
2641.936768 126.428482 2922.028564 290.258209 2 224
3056.079834 154.483551 3253.202393 287.407379 2 224
1581.541260 58.749214 1736.705933 165.812180 2 224
2513.651123 89.837318 2625.281006 168.394760 2 224
771.743835 214.661621 940.060242 314.270294 2 224
2898.867676 135.712967 3066.872559 234.176773 2 224
689.113037 229.389603 1333.315796 567.097839 7 224
2204.941650 474.376221 2313.224854 521.998047 36 224
669.876892 1478.642700 2169.215332 2160.000000 67 224
718.046875 1469.411499 2241.041260 2160.000000 73 224
