1552.411377 328.269073 1840.696289 1229.511963 0 369
1967.287598 118.386948 2377.614502 297.417175 2 369
2329.001465 163.916809 2816.655273 348.264648 2 369
1581.061401 55.735184 1734.370117 164.880051 2 369
2633.149658 127.627937 2932.288574 292.731140 2 369
2514.532715 95.818855 2626.574951 163.916687 2 369
3071.639404 158.690292 3258.310791 291.252014 2 369
675.821899 234.897980 1330.449707 584.566711 7 369
692.636902 1484.398926 2264.251709 2160.000000 63 369
683.851929 1476.571167 2145.169434 2160.000000 67 369
626.445557 1374.997925 2352.612549 2160.000000 73 369
