2173.417969 180.678162 2298.877197 520.312012 0 231
2336.288818 159.901764 2813.989990 346.009247 2 231
1968.245728 129.297745 2385.020264 301.519196 2 231
2632.267334 123.999359 2931.048340 297.630249 2 231
1579.504761 55.685516 1734.052368 164.276382 2 231
2514.482666 94.508507 2630.396240 164.303268 2 231
3065.420166 151.060852 3253.916748 288.011169 2 231
690.193848 230.027145 1321.765503 573.761414 7 231
640.861328 1375.188599 2335.775879 2160.000000 63 231
709.282837 1484.104980 2247.601318 2160.000000 67 231
