2133.964355 202.763550 2247.187988 561.183777 0 254
2336.927490 166.779999 2817.121094 336.282562 2 254
1977.475098 127.190315 2373.995361 294.459442 2 254
2639.037109 124.062073 2921.341309 295.023743 2 254
3062.741455 153.827011 3257.388916 294.574463 2 254
1580.495972 58.343979 1734.823853 165.888626 2 254
2512.885498 93.951126 2626.764893 168.309509 2 254
694.001038 237.034134 1328.092041 581.492371 7 254
2428.035645 606.212708 3840.000000 1904.614014 25 254
2156.297607 515.325806 2268.511230 595.291626 36 254
749.521851 1476.228882 2235.038086 2160.000000 67 254
