2148.361328 185.627502 2268.789795 560.900330 0 243
2375.714844 174.237656 2803.632812 344.210327 2 243
1986.912598 124.605324 2285.022461 298.031830 2 243
2640.995605 125.671799 2925.425049 289.796326 2 243
3053.636230 146.002579 3262.187744 289.462738 2 243
2122.538330 131.348877 2381.699951 279.756531 2 243
1583.100586 57.550846 1736.291260 165.997452 2 243
2514.643066 96.005569 2629.934570 167.828400 2 243
672.352356 232.187912 1335.695557 598.025513 7 243
2169.841064 509.420105 2289.204834 576.592773 36 243
753.056824 1468.522949 2244.490234 2160.000000 63 243
654.388184 1468.267090 2163.955322 2160.000000 67 243
