2252.065918 148.149704 2362.988037 385.146759 0 130
2338.349365 165.494141 2820.717285 348.504608 2 130
1968.625854 122.062561 2388.677490 296.196320 2 130
2632.576904 122.356216 2920.592285 289.268738 2 130
3051.821777 144.823715 3252.109863 288.868195 2 130
1581.412476 60.943218 1736.193604 165.341248 2 130
2361.651855 71.397514 2515.973145 150.983841 2 130
672.740234 226.770615 1331.166382 581.001892 7 130
706.336060 1467.792603 2261.732910 2160.000000 41 130
641.345581 1474.990967 2198.617188 2160.000000 67 130
598.154236 1360.082642 2380.505371 2160.000000 73 130
