1973.971436 227.611877 2190.634521 798.008972 0 312
2330.313477 160.858032 2814.593994 343.144318 2 312
1984.110596 117.506554 2394.356201 287.685913 2 312
2633.295166 125.270340 2934.806641 292.105743 2 312
1577.124023 55.049454 1734.678711 165.442413 2 312
3065.500732 146.508057 3252.916992 287.909424 2 312
2514.149902 95.551636 2627.177246 165.311844 2 312
693.879883 230.923447 1323.084839 582.267578 7 312
695.111206 1476.800659 2270.116455 2160.000000 63 312
655.582764 1483.419312 2171.510010 2160.000000 67 312
