1974.747070 228.783859 2185.145264 766.082092 0 311
2380.696045 174.561066 2793.069092 343.401459 2 311
1996.203125 128.445053 2375.645264 281.789246 2 311
2634.377197 125.565712 2921.062744 290.069489 2 311
3055.642578 145.719788 3251.226807 289.981476 2 311
1578.938232 60.780540 1737.066895 167.769455 2 311
2515.986084 77.972137 2729.430664 170.212204 2 311
689.130066 235.485519 1342.038452 566.668823 7 311
1594.055420 35.481262 1944.780762 169.328369 7 311
719.991943 1467.676270 2253.960938 2160.000000 67 311
