2253.408203 129.219131 2374.486572 376.408051 0 98
2328.995850 160.478317 2820.885010 351.718475 2 98
1969.066406 116.707298 2394.502930 306.259674 2 98
2630.481934 125.089409 2928.822510 294.982422 2 98
1582.125854 54.200417 1733.778320 164.077362 2 98
3063.846191 147.968552 3252.216309 289.005981 2 98
2514.724854 94.694931 2628.735840 165.092346 2 98
679.662842 227.345688 1334.010132 564.457703 7 98
656.205383 1409.970581 2318.491943 2146.199707 63 98
707.843933 1480.650879 2252.552490 2160.000000 67 98
