1484.021973 359.910950 1846.551392 1223.408569 0 374
1963.998535 128.345032 2383.664795 294.854492 2 374
2339.252197 165.888046 2820.985596 345.293854 2 374
2629.034912 124.690353 2922.507568 293.225647 2 374
3056.518066 146.371063 3242.071289 288.508057 2 374
1584.943970 57.922092 1733.958130 166.190521 2 374
775.073608 216.867355 928.118408 313.678864 2 374
2896.850586 119.108788 3064.072510 231.758408 2 374
673.895081 223.306259 1350.698242 564.949707 7 374
708.103760 1479.461914 2265.008057 2160.000000 67 374
