1500.379761 363.306396 1839.159424 1218.485840 0 372
1964.918213 120.095894 2379.739502 295.061401 2 372
2335.430664 166.435074 2820.829590 338.639801 2 372
2635.516602 125.553352 2927.486328 293.790649 2 372
1578.916626 55.068451 1735.311157 165.591644 2 372
3060.248291 151.724960 3246.832520 291.366913 2 372
2511.570068 85.244858 2666.512207 164.500687 2 372
684.397156 235.896591 1324.891846 564.904846 7 372
1497.659302 1165.167847 1887.832764 1522.092041 36 372
714.712402 1479.971436 2247.296631 2160.000000 67 372
