2192.856445 159.753906 2311.165771 498.539520 0 216
2382.783936 176.260056 2798.263428 340.006226 2 216
1950.598633 131.049957 2397.830566 298.031586 2 216
2645.002197 131.324036 2918.019775 287.231689 2 216
3050.370850 146.259384 3246.929932 290.139984 2 216
1582.266846 56.091724 1737.518311 164.317123 2 216
658.051575 222.451385 1355.628784 571.015076 7 216
1586.851440 45.535465 1939.656738 167.494919 7 216
2212.855469 475.214050 2311.922852 508.389099 36 216
709.274536 1475.841431 2285.589111 2160.000000 67 216
