2257.342529 123.978645 2375.184082 377.038635 0 102
2377.440430 173.692123 2800.425049 340.659363 2 102
1974.346802 115.420868 2401.437500 304.431488 2 102
2639.034668 124.972679 2930.281738 294.836182 2 102
3057.375244 156.189865 3250.252197 292.957275 2 102
1580.813110 54.785381 1738.367798 166.402115 2 102
694.457642 232.757248 1325.341309 566.326660 7 102
3512.326172 0.000000 3840.000000 542.845337 62 102
709.325012 1477.769287 2249.989014 2160.000000 67 102
645.420532 1400.101074 2330.105225 2160.000000 73 102
