2204.982422 196.767990 2322.649170 462.026917 0 201
1953.682373 126.434662 2398.915283 294.414459 2 201
2380.805664 175.609573 2795.219971 346.002014 2 201
3051.099609 144.991379 3252.973389 287.685913 2 201
2648.656494 128.037750 2919.575684 285.704132 2 201
1582.599121 55.734726 1734.804443 161.745514 2 201
2510.388672 98.111969 2630.220703 166.454758 2 201
1434.860352 93.232323 1603.372314 179.467728 2 201
671.256836 238.390717 1334.661865 575.472778 7 201
734.274170 1460.935547 2263.752930 2160.000000 68 201
