1731.823120 296.684387 2001.310181 989.145081 0 351
1960.054199 124.922096 2386.908691 295.328735 2 351
2337.832031 164.305099 2810.948486 341.262573 2 351
2648.428223 127.522423 2919.218750 293.950409 2 351
3056.000244 139.801941 3236.936523 289.951843 2 351
1582.159546 54.943253 1737.912720 168.403000 2 351
686.406616 227.748749 1341.968750 569.312073 7 351
1588.747070 44.776379 1943.402344 166.399261 7 351
736.114746 1450.091553 2463.412598 2160.000000 41 351
697.149109 1470.872437 2304.972168 2160.000000 67 351
