2233.737305 147.233719 2350.616699 440.693878 0 176
2374.804932 175.006363 2800.033936 341.197235 2 176
1957.729492 127.740318 2394.679932 292.465881 2 176
2636.613770 124.741051 2923.131836 289.757538 2 176
3051.756592 139.558975 3253.637695 291.727844 2 176
1581.952026 58.981243 1732.961304 166.722214 2 176
2513.982910 98.321053 2626.037354 166.993317 2 176
1427.219971 93.822838 1599.646729 177.511124 2 176
667.568604 225.000900 1340.701660 591.638428 7 176
733.687073 1469.844238 2247.308350 2160.000000 68 176
