2202.890625 170.612518 2337.532715 466.260071 0 184
2344.171631 157.577469 2821.051514 346.898224 2 184
1964.360229 118.960068 2384.425537 299.172455 2 184
2631.369873 126.881554 2930.162842 294.524902 2 184
3063.692383 141.019363 3246.905762 292.110657 2 184
1582.070435 54.273716 1734.694946 163.108170 2 184
2512.710693 95.113960 2626.791260 164.878448 2 184
684.083496 233.256668 1331.572510 574.877686 7 184
717.513306 1473.692871 2251.511963 2160.000000 63 184
670.525879 1473.935303 2167.023926 2160.000000 67 184
