2145.160645 165.813889 2264.332520 568.714355 0 246
2371.701904 179.524826 2804.407959 340.761780 2 246
1974.920288 130.100098 2382.848145 298.515686 2 246
2635.293701 128.134460 2922.837646 291.958008 2 246
3054.338623 142.731400 3235.399414 289.637604 2 246
1582.910278 59.841324 1731.812622 167.682602 2 246
2896.932129 130.320053 3071.384033 236.528534 2 246
683.813049 226.298889 1328.065552 568.953308 7 246
2174.905273 513.670349 2276.851074 582.608154 36 246
746.577576 1462.733643 2466.923340 2160.000000 63 246
676.701172 1467.650635 2298.889160 2160.000000 67 246
354.030792 1464.957642 2194.457520 2160.000000 73 246
