1669.217773 318.929199 1938.391724 1071.472290 0 358
1971.079956 128.198547 2381.104248 287.491821 2 358
2338.540283 167.286743 2817.974121 349.574188 2 358
2634.178223 123.766701 2924.877441 288.050751 2 358
3049.664551 139.323120 3262.558838 288.082581 2 358
1581.224731 57.275787 1734.817017 167.415497 2 358
2513.019043 95.949951 2625.766113 167.824051 2 358
687.410645 228.957016 1337.286743 578.855286 7 358
713.496399 1465.636108 2268.247314 2160.000000 63 358
629.674988 1471.606201 2174.459229 2160.000000 67 358
