2181.544678 174.888596 2300.361816 513.099487 0 226
2342.301025 166.995377 2821.307617 345.584076 2 226
1965.166992 129.271423 2388.196533 298.378235 2 226
2634.173828 126.746056 2926.486572 289.101562 2 226
3050.931885 146.446259 3247.525391 291.506989 2 226
1577.981689 57.989498 1735.690430 169.093307 2 226
2863.856201 108.054878 3079.003662 229.031967 2 226
682.550293 238.156342 1337.438843 560.530884 7 226
2204.737061 469.164124 2318.617676 533.858521 36 226
718.699036 1473.706665 2260.267090 2160.000000 67 226
