2255.825195 109.434067 2372.324219 344.650818 0 74
2330.183350 162.972778 2817.399170 352.423981 2 74
1971.552612 122.922928 2387.153320 298.717224 2 74
2666.637939 132.279160 2917.697510 286.866852 2 74
1584.129272 57.091595 1737.366333 164.504456 2 74
3052.836426 143.859436 3242.580811 291.426880 2 74
2506.431641 96.835434 2631.589844 166.474792 2 74
1431.018433 92.120583 1598.695557 175.550980 2 74
672.206116 233.116592 1338.560059 585.023071 7 74
715.975281 1465.284668 2277.572266 2160.000000 63 74
