1162.903687 554.343872 1633.435059 1496.840942 0 397
1962.179199 119.490616 2382.197998 301.537048 2 397
2327.109131 163.845276 2819.828369 347.891663 2 397
2629.145020 124.783737 2927.635742 295.236603 2 397
1579.732178 56.049610 1736.161621 163.824341 2 397
3069.750977 137.014389 3265.447998 290.142273 2 397
2515.665039 93.729507 2626.896240 163.743546 2 397
680.299866 237.477829 1327.029053 577.410583 7 397
1597.056030 44.023300 1937.173828 156.565460 7 397
746.329712 1475.265747 2250.107910 2159.078613 63 397
