2170.077393 172.239746 2285.665771 561.025513 0 237
2371.903320 177.852509 2803.796875 345.217529 2 237
1988.612061 122.716133 2282.797607 296.455750 2 237
2643.779053 128.699112 2925.047852 287.791199 2 237
1583.337769 56.889034 1736.447754 161.856979 2 237
3050.640869 141.031036 3243.694092 286.919159 2 237
2509.018799 94.114944 2631.983398 168.164169 2 237
2126.140625 131.318314 2376.088379 282.635071 2 237
1430.438232 93.971725 1606.816406 174.690277 2 237
676.436279 239.964279 1339.264893 576.983643 7 237
720.457336 1462.591309 2276.140625 2160.000000 62 237
