1997.038574 221.036438 2186.914795 721.186035 0 305
1972.308594 129.439651 2386.418945 287.070343 2 305
2379.677246 179.933960 2799.863525 343.805573 2 305
2639.208496 126.776726 2918.199463 290.015015 2 305
776.470825 215.747894 935.298340 313.378113 2 305
3055.733887 144.174500 3228.464600 284.499878 2 305
1581.106689 58.871780 1732.590088 166.052963 2 305
2897.333252 122.234337 3070.595947 230.691360 2 305
682.779785 238.596252 1342.543335 562.344360 7 305
1589.463745 41.506916 1936.908081 171.820099 7 305
708.666138 1484.090332 2291.106445 2160.000000 67 305
