1972.676880 123.943970 2394.873535 302.593323 2 46
2337.745850 164.438889 2822.412354 343.445770 2 46
3052.392334 149.277405 3243.608398 288.736938 2 46
2645.546875 130.785599 2919.458740 286.630310 2 46
2512.732666 89.719612 2667.943359 166.557526 2 46
1579.824219 64.353790 1739.257324 164.919998 2 46
666.401978 230.013535 1353.046997 569.806458 7 46
1582.361084 44.640308 1943.353882 171.834854 7 46
2410.913330 528.182678 3840.000000 1766.891235 25 46
728.829163 1469.271362 2266.248047 2160.000000 67 46
