2330.815430 160.094711 2823.399658 345.756775 2 5
1967.296265 115.854141 2368.777344 307.178741 2 5
2631.577637 126.010887 2931.573486 295.523499 2 5
1582.003540 54.816566 1734.692505 164.752228 2 5
3064.655762 144.669220 3245.494385 288.098938 2 5
2362.183350 66.715736 2526.503662 144.329788 2 5
2513.089111 94.211876 2627.940430 163.793091 2 5
707.343384 184.100632 1326.977905 522.644775 2 5
690.397644 229.302628 1322.788330 567.363159 7 5
1595.650757 37.850586 1939.722412 160.683853 7 5
702.198303 1474.353760 2266.653076 2160.000000 67 5
