2253.267334 134.457779 2368.868652 388.397583 0 125
2336.383301 166.335175 2827.309570 345.370209 2 125
1956.979858 121.015770 2401.937012 296.193665 2 125
2640.423340 125.990288 2921.991943 296.001190 2 125
1579.382568 62.729527 1738.672119 161.534027 2 125
2515.616211 86.309959 2657.336426 169.203400 2 125
3056.143555 141.487656 3459.252686 314.969086 2 125
2358.067383 64.158554 2526.398926 146.640579 2 125
693.902771 242.656509 1318.422607 574.355957 7 125
737.605957 1469.654785 2240.272949 2160.000000 67 125
